365
53 93 1 38 47 24 34 72 55 20 47 15 55 33 71 80 22 78 70 23 45 94 93 11 67 94
13504 19170 16512 5458 4854 6740 2550 6224 11192 10552 770 15035 11125 880 16734 13614 113 218 5367 19009 5861 9390 3260 13583 3469 18942
5952 12288 7622 17157 19529 10809 1318 7612 3925 16358 7090 18189 6089 8445 19287 14210 16981 4255 1361 5378 9873 306 4924 7507 11459 17666
11205 5143 12648 10608 420 1616 1995 14585 2574 12717 5881 383 12050 7056 16794 3981 15754 2016 452 16115 10674 19991 13789 18016 6605 11936
3911 18237 4904 2622 16216 5405 10995 7557 6660 5358 5333 9446 4919 17600 2968 17026 109 4801 104 16255 6057 19906 3141 8659 16553 13308
2166 15101 13655 5961 7971 6039 893 12219 10828 5765 12935 5827 5832 18731 16982 8157 13541 16816 13681 10648 3936 2218 15089 6391 18718 6615
4424 17398 7642 10822 18607 9578 4107 17637 16722 1939 8517 13987 1443 11926 16930 17560 18810 3524 2226 5117 12164 1157 9008 14551 12081 13165
10068 14718 20000 8661 10218 16138 15741 1650 8687 14600 961 7197 11307 4458 66 2724 1002 3639 19741 6158 13007 16073 5958 8933 11440 6833
9835 10331 12723 2473 9858 12071 1325 13738 6216 5260 2682 4680 10043 7610 10906 13903 6583 454 4911 3724 16842 1033 11174 12849 10464 1337
7908 3264 15880 4866 18952 6758 8491 18672 17444 11760 5189 9309 1245 3007 3079 17288 6793 18005 16521 13439 17170 498 17039 4967 19282 17420
10661 19270 5364 14990 13585 14405 805 12181 896 12728 11584 17724 19473 558 10460 15408 14340 1498 10453 10263 12762 9780 4111 12442 18526 1858
18686 3598 15930 3889 3159 5705 1089 1678 10120 7093 17205 3160 15087 16359 15371 1929 13872 7210 7278 10797 5312 12556 19272 17802 7919 15452
5911 6831 18143 18821 18060 7008 5222 14924 473 6387 2399 2285 18369 4007 3095 8691 18574 7723 6998 9097 7383 16307 12128 14638 13223 18421
8163 14765 16529 3553 16978 987 16805 17701 12057 7826 13097 16161 2700 13812 15255 3638 10739 8166 14556 9952 13914 18553 4083 5610 7142 12610
8592 18688 5767 183 16925 9053 778 15706 10888 6606 9902 921 13031 12026 7057 18390 8206 7551 3023 6685 8233 18340 191 542 4958 18463
19072 4368 10760 6985 4207 19971 10043 16718 9365 950 6885 14048 12888 19039 13157 14423 18703 18431 9174 16451 9255 17602 2396 15639 15812 5199
13828 1556 3222 3907 8728 10312 13524 12857 15624 3037 12771 3970 14119 7532 239 15035 5096 469 11663 5246 8842 4733 12689 5255 10223 10567
19687 10360 14087 1284 11605 8037 19678 15001 876 11367 12850 16312 4493 19891 12256 18605 9786 17939 4334 16347 14792 365 15278 12045 7561 13417
15459 7386 16653 11142 16108 9682 19502 7490 13612 10473 3194 4913 6085 17492 1516 4028 12680 4101 12140 2102 6566 7047 37 3134 11044 8547
19256 8159 17637 9073 18777 10175 11361 10321 12835 702 19038 3966 19290 14358 14426 10339 7722 8359 3258 5610 9500 1993 16396 4216 4618 17295
6452 8785 6913 8362 11745 1545 2608 4631 7644 1462 4566 644 1172 4717 12386 13905 18990 13790 807 5674 5059 16712 16930 4727 16119 3432
11679 2453 5110 734 2354 11610 4330 11824 11208 6942 9651 6416 17744 10863 13296 2317 10864 5324 8234 15483 18094 5556 18269 4325 12604 806
14560 4807 8394 4467 5062 18202 19663 8285 8377 9496 74 16958 18501 12076 13143 18123 6630 12344 3304 3571 17670 5565 15201 16443 6053 2457
19223 3573 3532 13508 4983 1488 14718 3967 13243 8457 9358 4336 17170 17077 7378 5777 3208 13987 4826 9124 7992 3923 10290 12979 18291 19296
8629 6995 12240 12796 10149 171 9557 14197 14775 13712 15905 3445 15546 15550 7213 19261 1508 11477 5722 16620 6215 7169 2523 19096 18174 6837
5814 4325 5746 152 3341 4226 471 1923 8566 3998 17469 9784 425 15778 19935 19157 7364 11090 3052 821 427 13498 3269 10129 14536 2292
2407 12569 5111 14784 10746 15386 4709 17155 12297 8143 13461 4723 14174 11703 7380 12785 453 15129 11267 3882 15662 12057 3925 19936 8955 2487
17236 6634 862 3408 13189 10598 18278 16202 5972 7862 8786 14010 805 4826 3986 5597 12499 7652 3570 6169 13362 420 6157 19293 14642 13789
16462 10852 18465 12774 13768 8936 13372 1766 6054 3179 12006 14517 381 10077 1600 15123 17866 3406 16971 14646 14235 4307 1371 2801 5420 5068
14378 18574 14364 898 10427 13499 10706 11255 13542 18396 17918 16008 8652 10588 13893 2613 5881 8146 16022 15792 18748 17555 2916 11091 8809 17820
10491 15814 11353 18064 10153 17419 11569 5963 11099 2445 3349 15012 14210 15058 14775 18821 6685 13994 7315 7942 11573 15051 10473 14278 13332 17209
3184 802 11557 14344 736 7956 1235 4691 12230 19170 6 6396 848 9529 12986 16424 5905 6579 10859 10407 11184 13837 8022 6335 15299 77
7640 7495 19099 7594 14528 5784 1343 15286 4544 4451 15279 16928 11554 7445 10556 969 3227 5195 4395 4017 3940 10761 19510 14241 18960 10883
16652 11437 6907 12635 2817 13975 6476 14567 6790 3830 5231 5765 18226 12191 3658 4073 9008 4672 11162 7287 16586 18564 15665 963 8695 9113
15962 10898 11 10750 16578 18384 855 11984 19945 7960 726 2063 19463 5640 7168 11859 9580 14702 15167 1049 1202 16974 2308 18437 18521 3021
10511 7167 19401 13950 10635 16951 518 19274 3538 18184 6584 9892 4488 4378 13777 19188 6345 15359 10806 5388 13731 12120 4319 11745 7370 14646
14043 16217 9892 8181 14081 2756 8088 13556 6020 17765 19082 16783 319 19866 11121 9010 15885 393 10257 14023 8427 15848 3564 8375 11055 7062
17886 240 297 12256 4404 5222 6056 10090 13192 16654 3006 14845 19435 2771 11753 12468 3596 18532 18581 13781 2477 3554 18273 5497 1175 5356
10286 1866 6487 8147 16643 19865 6923 19692 3614 13110 4911 12108 12423 9293 2370 812 10746 10407 14929 3286 10061 55 6496 9071 12277 976
8756 11865 207 14532 13826 16828 15871 391 16774 3773 2319 17231 18519 3103 12988 9248 3357 12277 14270 3044 18951 11313 13651 2257 10779 17640
117 17099 11032 639 6444 13416 17485 2993 10343 17933 8733 10892 9824 254 15908 5977 1606 12642 9450 5956 19868 2843 2864 7823 17093 8849
12897 356 12644 16449 12688 9281 2417 1717 3090 3766 2760 7645 4949 58 8104 6498 6064 11554 10463 2424 7778 679 12539 11708 2571 15220
6443 8611 17918 15422 6785 13843 4043 6600 13896 14542 19194 10187 15204 8010 13279 12002 16913 8324 19646 12884 13688 18204 2975 341 10871 3769
8265 9071 16843 8911 4476 16554 14071 14875 8565 2855 12695 8469 8416 13350 643 16722 17479 17373 10532 12644 9453 5216 10969 19386 5535 7853
5211 11950 3843 11788 6227 8152 13464 19154 4672 11584 1906 14519 19671 11771 2464 16971 890 16287 15883 2780 5244 9940 19761 6304 17558 9743
7234 9913 4139 17653 14426 5104 2753 11745 2437 696 5870 18492 4198 1707 2924 16861 6057 11237 19612 10584 2695 569 2585 9687 12528 4332
14440 10060 15140 13982 8358 15537 5157 4219 2830 13151 17890 12627 11223 13279 12685 1794 40 8231 9190 8242 256 6058 13529 14332 13609 5205
1419 1408 10240 17654 13914 16125 15452 6690 7489 16760 8739 19991 12641 17832 9277 3128 13389 2220 11107 18665 3656 16388 5079 12889 2056 8428
4249 11301 4645 1543 18321 3783 10185 8642 6881 13843 19244 1764 9370 11365 18465 5630 7033 9977 18067 15390 4744 10862 16768 18183 12230 6260
18075 16639 1626 14054 1464 741 17728 1417 5720 9002 13180 8293 8556 10113 2828 16357 12938 6854 7556 5657 8307 1405 17021 4900 10608 14464
13962 17410 1584 1638 6364 2192 19397 17129 19202 9313 14512 16640 412 5365 15768 1563 2683 18782 19497 2527 6226 1555 13271 3758 8584 11214
4082 10607 1906 6913 1200 4000 16829 12649 13672 5631 659 18514 1850 19333 18363 16243 554 14452 10297 10254 18665 6085 1537 16149 9642 13310
1562 14532 3321 16390 16785 17271 18454 8632 7206 11942 2722 4860 12894 4520 2642 16152 11644 11346 15357 15612 9620 11881 4895 2687 7917 5333
9167 11499 1751 4818 7310 9186 18360 13551 4525 16092 12197 2070 17833 17793 525 953 3532 14159 8478 546 13482 9044 1320 18580 4340 19304
19909 3785 18689 18457 12597 17151 10885 2458 379 9945 1520 6929 6310 10159 7830 14721 171 17862 13647 4995 17978 5212 12153 19227 103 7817
19525 13802 4898 6623 7584 7311 18391 19926 1259 13804 7769 12532 4650 7151 2230 2167 12624 18988 9712 11738 5966 6284 18954 7105 14473 15068
10134 15959 11945 16192 1196 10472 17777 8758 5329 8825 7386 11926 16062 6318 14801 3432 4918 10903 5383 7453 6478 13765 1418 9290 1502 4464
12280 5582 13308 9234 16256 3279 9702 14095 16543 13615 6551 14945 17127 8312 15961 229 18488 1418 2011 2775 11855 5777 2874 10343 3981 12591
19487 4566 26 3969 6045 5848 14913 17832 6057 4801 9211 10679 4562 124 114 12063 17690 7212 14180 9272 12895 6106 16875 7019 19821 1552
14895 10821 19486 19012 4105 14811 12729 9648 5036 4856 13394 10412 16369 8614 2246 8498 16415 8144 11093 1654 342 2716 14730 10652 6681 1934
3502 6287 16305 18136 19043 12805 15739 2503 11979 17246 2142 8095 8729 6644 14796 15937 4763 11813 9173 18365 19063 13522 1330 9284 19165 3781
8982 3097 14527 15673 8100 17158 19464 6834 8882 2321 8671 2853 9818 6475 10758 1265 10179 17451 2866 10076 8564 15801 10490 495 15381 16669
2754 356 9002 15255 87 17421 2047 3319 14484 13857 10923 7517 12947 8109 13633 8947 19361 8102 15715 16401 9079 2426 16887 14751 2450 749
11572 13906 4173 4067 19567 2880 8820 17297 4405 3816 9448 14995 2160 17868 16364 13032 15147 15781 18458 16955 1265 12802 4862 3351 19301 10160
6790 17079 3676 7664 11863 14106 14525 3131 16267 16282 3804 18338 14329 3923 13945 7963 2042 16064 7396 18954 18548 18818 6614 15655 3571 10990
14598 2565 56 597 13625 19519 10319 9976 18069 1435 9810 4172 10530 9902 19484 9368 4957 5070 1201 18543 8873 14197 16075 2134 10273 4368
10355 16999 14690 7867 8741 4142 3659 18792 12010 2039 17749 16129 961 17048 10384 7310 1294 8701 724 19072 3813 17193 5903 16919 18711 17718
2787 15261 1679 2188 6195 16201 15228 11652 8779 1373 16248 2545 18271 8980 407 2631 9532 13472 10863 6302 16244 10801 18812 16701 18701 18180
6954 8629 16074 6147 11286 18935 7502 10353 222 7767 9886 17848 9026 11963 9721 18185 10317 17042 15897 8933 12626 11103 19762 1612 758 19878
18006 15039 10346 14633 8444 6399 7775 17750 9464 15682 3178 4324 13068 14202 7783 5636 17793 14408 5584 13711 9965 16747 1485 7694 3357 1530
14822 10452 10277 13221 1499 11141 13052 12806 4456 10267 2944 6874 10108 13909 12044 4914 6179 6718 14551 8375 510 9324 2194 15947 2393 17454
12867 4054 9308 3395 1883 14888 3323 12438 16429 2685 409 11536 19306 13246 15347 13152 7895 19130 4125 4902 10658 15596 10093 6169 18438 1369
2056 4924 15377 1265 93 4460 12204 19642 10791 19659 17478 2397 294 4502 5635 9933 18617 3382 11592 2494 9371 3228 8679 1770 655 3496
9846 13097 13884 976 3534 876 1814 14539 9470 9853 8301 5953 7448 9628 18082 19368 14819 9206 6162 2008 10841 9962 6474 18484 2228 15266
2928 16895 17218 10846 13134 1750 12759 16151 10295 10329 4367 19827 11510 12276 10517 230 4920 14829 4940 17362 17705 3405 14392 5661 9954 5522
14329 3207 13108 19121 2611 17996 6082 19026 16293 9080 12024 2122 9324 16048 6483 19 18176 13146 3011 2366 2385 18907 15237 9448 16332 3575
6116 11238 13725 11525 17436 14945 14662 15189 1960 6031 10804 4590 1109 19674 3249 893 8168 3044 9712 7299 578 6745 2221 6932 7994 6098
18815 17094 14376 3137 18918 2257 17022 16134 15589 9463 13351 1044 18956 5027 17308 6308 14778 4289 15062 16228 5912 5502 6600 9622 8331 3700
11591 3582 1143 10759 14338 9601 898 9569 8221 2464 9539 18705 11244 5741 1155 15244 11265 17347 6856 13094 17008 7752 12534 15844 1115 3877
18301 8448 11984 6960 999 8812 19552 16985 18173 1202 19621 16525 15952 16524 9807 13483 2904 6806 11992 7671 12803 18576 4399 5929 4919 5964
2903 2649 1588 15319 3882 2270 9203 1535 1899 1987 15594 6188 15520 2083 8137 16884 5355 15694 5710 15595 15252 17300 8277 10589 10884 9662
6097 8505 12962 5685 2608 3640 18723 14905 14229 7311 16225 17018 14849 13350 10628 16529 12973 16594 166 3449 16504 15200 16627 1341 4574 12071
16380 1754 14203 225 18739 7890 4302 18250 4351 18440 3688 6405 12665 9116 4244 1301 15501 13779 19825 18945 14031 11587 4636 12584 15405 6609
18244 17445 7100 16861 7237 14055 12268 16864 7464 18693 2120 4007 6967 3958 1402 1911 11214 18391 16004 16766 10298 5140 4956 4237 16307 4563
1670 16486 3002 5472 10150 9833 3360 18264 13825 2182 18457 18798 6999 18017 2153 572 10705 528 7848 5518 16561 14017 16168 2988 12280 19150
12325 15491 19953 19208 14533 9937 3278 15671 7687 16087 16384 12245 261 1966 2484 1561 92 14827 259 6472 15214 13931 9028 19961 1872 18101
19244 5769 17469 13487 6984 2228 9215 7842 272 16158 18976 12284 3198 15529 14922 16362 19073 4390 8069 18739 8390 12870 18092 14785 10481 3043
16878 14210 1689 1617 15352 10636 13312 9573 6309 8240 3307 15961 19941 8517 10066 19489 9086 704 4595 2069 12070 4698 15553 8595 19038 18625
1745 19043 9434 1372 11694 489 11124 7818 737 16906 14390 1004 16625 10982 19896 18758 2758 5493 8107 19195 9916 5468 17631 11916 3089 5059
14757 13314 17380 5038 915 8363 8974 10815 3950 12050 4300 7377 12955 8469 14711 9929 2237 741 11377 10401 17279 14611 7988 9861 7448 12143
14125 18162 10907 13491 14072 17226 6324 3710 11523 15688 3644 14434 2366 5754 12129 19358 9532 4111 13351 9603 4357 1314 9107 9276 12674 13683
3832 888 8972 154 15057 10116 18802 15240 12750 8044 3321 9840 5137 539 18327 2050 9204 9633 10849 19962 2259 13476 7196 3014 6740 2388
17805 5880 14723 13692 6060 9362 18484 15453 12786 3293 5329 8290 6889 3119 11919 5714 7341 17980 17630 3893 10165 3660 15411 9487 1952 15482
9880 13715 166 3996 17586 18260 15145 13818 832 3212 9568 12333 13331 5317 3191 11512 1371 17423 12976 11099 5282 73 11646 7042 4122 15357
11908 5645 10401 1976 3681 9109 3399 1978 810 2486 17932 18915 23 15313 4783 5616 19236 14457 4382 11929 17786 17263 11325 13166 19972 15067
16682 146 12406 3143 16688 19393 12839 9885 12728 3231 19510 12473 2208 10905 9417 9839 18709 4764 14905 19493 306 2728 6711 2263 7830 8328
10977 13447 19997 3269 7911 14720 925 6123 13880 5491 3233 19786 16364 6710 16239 11940 13999 6096 7302 1401 13905 7447 5721 1108 2277 12912
686 12120 9229 18656 9059 16437 9268 1810 9620 19515 9508 4474 8754 3814 10317 9549 17631 17878 6650 8297 5680 13114 18182 17586 10324 18970
7980 2765 16331 4748 3307 5252 19630 7038 10680 4417 12241 6229 3418 2931 16784 345 6602 18543 12377 17448 14695 18997 13294 18477 6433 2045
18001 223 18363 7115 2940 5904 14829 14331 4446 12860 9492 10766 15143 10782 8738 3008 19592 15831 9231 5383 8199 15781 17288 18916 12849 1409
10427 12944 297 7633 13834 13643 12755 18443 5356 1299 6731 11123 10877 8360 3499 17886 10118 11494 18191 11453 14480 16393 8070 5364 7223 5129
11205 2045 10715 11793 2698 1427 396 4302 9654 19910 11988 9008 13316 5645 19542 10091 1730 14668 19071 18768 8547 965 2225 10354 6683 19522
15308 19048 3532 5313 17418 10436 12570 3696 558 293 8170 17380 6647 11929 10932 8521 1903 16515 4991 14384 15213 6136 5650 19378 17811 11518
12656 9651 13324 1221 8647 11520 4864 13678 16804 5373 16543 15666 2123 2024 2621 6136 14095 2544 11185 3327 6574 1750 3247 11353 19741 764
18680 7814 1853 18899 18183 7336 16582 9920 2468 16500 17972 11425 12471 3782 9019 17628 13962 8786 13760 10268 7529 18564 4343 11670 13227 8884
17985 8628 30 15229 7698 2076 5584 6729 18905 15589 1654 5258 12870 4129 16411 4997 4301 5608 1005 427 15720 11302 19876 15929 10808 5976
18580 7610 15531 30 8618 1662 12583 1526 10457 18608 11564 4063 8359 19415 2389 7676 17045 4739 3065 7403 6991 69 9459 1922 1509 10473
7150 4315 6957 12574 7834 15584 14952 5884 13326 15682 11201 8396 2938 4451 6774 4756 8948 14745 10290 1970 8697 18304 2153 7907 19821 8640
16403 10796 12018 2354 16827 12552 6129 3582 11540 10256 7100 787 15079 1734 668 15802 11579 14380 9427 17686 4494 9432 10148 2344 16493 4805
6228 11436 17187 16318 4606 1196 18952 9667 14057 17750 8093 11434 7824 18456 14049 9092 6348 545 6903 9154 12508 9342 12554 14301 12917 8086
9501 18306 12385 19327 17896 13398 5322 8637 6864 2473 9141 16923 4672 7927 15812 5282 10466 9790 943 9439 19087 7586 12735 19904 8890 13013
2722 744 7821 1229 14044 13914 11099 5056 3530 186 334 5854 9307 5786 15410 9582 10981 4772 11939 16333 2424 19451 19397 369 8778 2307
2121 6167 4257 1879 12532 16575 3863 15343 5477 10345 1621 6314 10414 8370 8690 18332 12188 17569 11247 11056 16224 7986 6021 14428 1157 1148
18557 7908 15265 17528 12391 13396 15513 4959 13365 15140 18063 18120 4270 19428 10502 9576 16460 17455 200 4883 15131 10237 7481 11063 6295 14495
11460 5293 4805 5779 9818 5357 6571 6217 18227 16516 9617 435 18529 5878 8562 3418 3374 8633 19536 18237 15791 8233 13066 4374 16794 10234
15246 5651 19848 7303 15519 14183 16372 1432 18339 3388 18036 17975 1924 11482 15490 13575 11220 17232 14361 8397 19273 14057 2330 4470 8815 15881
1448 652 18821 6644 8622 2516 15914 11164 1515 12523 6289 2729 10730 13702 16343 6861 3325 131 4457 15939 17032 3795 5933 17170 17370 5244
13075 735 16520 4748 2419 17853 18399 16028 15323 14608 14685 11879 3388 7705 16428 12954 1292 1043 16845 6044 15791 11561 7177 10401 18654 5533
5070 11690 13108 19960 14126 4911 11040 17381 17206 3078 12043 10359 11573 4953 19365 7931 18117 14535 7943 6949 18808 9093 15866 10901 2912 14935
1779 3253 7948 2386 3747 654 2713 6974 9974 6756 2740 1428 3963 1291 4277 14229 9068 18231 13987 15284 9110 11018 11905 19823 3957 4319
17654 8108 7634 12493 31 8780 19396 12399 4181 7387 17552 12721 8970 18807 5539 2222 19817 11047 413 17998 11036 18069 0 5522 7029 18721
2538 182 15582 9046 7029 7301 10285 2630 6873 13575 8831 9343 7299 11023 108 12578 14493 11844 5956 10465 13819 2626 18241 10067 17429 17017
4648 11606 5495 11250 8861 13750 6451 4987 17456 19133 10116 12704 19441 3678 9957 1537 11809 5967 4919 7754 9735 18279 18049 3992 3722 13450
3620 14847 12896 13303 13888 2243 13352 15577 8079 17565 8258 314 4530 10416 7258 12226 14640 5850 435 17095 4647 14836 6042 15213 11514 19917
15682 8324 385 13919 19632 4726 7679 15440 13545 12016 12809 12991 3272 12749 5960 4081 11596 1690 559 5260 18172 10598 4615 6238 2559 9187
10733 14140 14371 19055 8718 12221 8739 17821 12424 12673 5343 803 7067 6851 6753 15765 1866 1918 3962 9184 9663 5548 14293 18049 11369 195
9954 14313 7575 15981 14674 17740 12755 33 4883 16677 2108 4985 12704 15213 12995 18628 9364 1180 3269 12048 3300 1679 16343 19556 155 17750
19142 13367 15867 6947 15503 11276 14518 13702 12925 7244 13343 53 5290 7008 11934 9024 10147 13983 19081 13148 15794 7376 1306 14598 19140 2796
2452 3424 19576 8342 15736 2280 6874 3634 17045 6491 2824 9879 10283 16127 3535 6327 10224 18663 1236 9314 7769 8520 8304 12273 10549 12731
555 11670 1727 13502 14145 18250 1682 10351 12265 14397 12379 14673 13084 5497 16470 8658 10060 6040 104 19090 17323 18517 6444 11740 6141 19253
12559 13310 9394 10604 5990 13117 11436 12460 10619 17180 15157 15824 8393 18624 11717 4084 18386 5274 6273 18584 18669 19074 17839 19537 14754 688
4512 11493 8968 9009 6136 1844 7410 7434 2374 8932 2046 9950 16651 16255 13350 13748 2760 19109 3524 12404 11278 19572 17543 17674 7451 12410
7029 8391 16986 11946 16530 17561 6559 10944 9134 17025 5220 12907 18499 11941 10825 6123 6074 6351 2667 18744 17811 18116 18986 7722 17719 14456
13649 1193 12235 4422 8340 13454 13994 19364 10545 18949 9071 9556 15337 10197 14439 14566 16202 939 19572 2400 914 13508 7508 12412 1105 15618
15302 18079 18541 12000 12580 15471 6792 12964 13513 5682 12431 10076 3109 10676 9499 3133 19442 5616 1622 15647 10602 9989 10861 6418 16123 3569
10032 10942 6490 4969 1980 11953 19358 5453 15866 16155 6680 15958 16904 19336 16768 12006 3640 19263 14904 13388 2799 17319 3723 18869 19145 951
8381 455 5451 14157 433 17133 1254 6784 14766 7361 2821 4521 16692 19513 27 11865 10280 4909 14066 9433 6292 14244 8833 17885 1613 18105
13926 18470 11997 14505 12179 14608 16449 7638 15240 11937 5353 826 2426 5291 17329 14461 5661 2499 1325 10353 785 9655 14091 2406 18727 4723
6391 2421 13218 1465 19197 15787 667 5287 9294 14387 9783 19345 18993 19122 13128 11793 10207 12911 11207 4614 9184 9352 6231 676 12947 19242
18619 2124 3801 15626 19246 7245 6183 17502 1325 16043 19720 12877 16990 1340 16228 17884 17005 11896 7557 11572 14565 17154 16181 9152 5397 13022
15902 8772 5655 4717 1518 16020 15620 17592 17805 7705 8249 10771 5342 8684 10233 10514 19699 10101 5059 685 14241 19150 17232 16965 9015 8314
10393 7953 17294 9155 2592 1386 8450 7795 8559 1781 12879 13647 2873 10268 10877 17126 17537 443 9159 19115 3317 9391 7542 8686 5846 6959
18567 11305 5320 17870 11267 14548 1325 16228 10098 13992 19183 6624 19729 10156 5698 19522 11403 85 13765 12626 6578 15459 5121 2021 10021 1492
12944 5433 5799 19958 10354 16755 16387 13373 15908 13401 18049 13335 13098 3384 10611 9862 5866 5173 19212 18972 1708 9053 4569 6123 10020 12386
7129 14877 14065 8773 15443 16764 19193 12381 367 8477 18090 4461 1344 10979 4969 6734 14368 18491 18279 10345 10683 4508 10072 2633 8989 10287
13363 6132 5467 16718 3220 16597 357 6919 19852 684 11158 14819 692 7246 4184 10198 16468 7002 18368 18679 14035 8673 10095 14063 8678 18318
8152 1288 16113 5877 6032 10812 1867 7248 17752 2563 2320 8983 2723 1365 18871 12571 10450 19509 14126 8378 18574 6941 6338 12890 8160 11439
2160 12791 14163 2000 8095 7506 3145 15665 3945 15435 11017 742 16593 5022 13970 19736 4718 4387 14051 9221 3274 3181 18509 5389 7891 6153
3240 4490 9125 8367 4066 10990 15747 5315 5631 9943 15007 7782 18098 9321 15960 3473 18418 4645 3588 18537 80 12033 6105 1978 14252 16157
8283 8649 13986 12921 1677 7394 11355 7089 15243 11752 11819 17587 11836 10986 2074 14791 7599 1766 12653 10968 19587 4731 19445 10749 9699 18835
12333 10532 11230 15276 15897 17275 2951 19363 1039 17540 7175 1935 4823 5542 6863 4364 13131 7339 5746 11051 17965 10541 15690 18214 5367 5479
10073 9775 6162 16128 17444 6656 1985 19837 8643 6232 2288 12027 11683 7781 15664 3491 355 5941 16304 13074 7850 1366 10094 10591 5657 13958
1371 8164 12459 15014 4006 7023 6191 16661 19322 6183 2211 13896 9564 16138 18038 10693 2983 150 3433 16849 11758 17413 5021 304 13769 12816
8732 3941 16856 721 18068 15060 9025 7971 560 2241 8313 15977 15168 474 6552 6972 19302 10695 8104 15724 13098 7363 7458 12542 16865 528
19754 15771 13812 4492 3467 10410 10120 152 15629 1024 5274 13474 12046 9031 9912 12472 7878 4431 15391 469 15826 14312 19419 16567 9928 654
5218 11242 9414 13366 12755 11027 5648 1849 11479 13014 10922 7437 14649 12833 15691 11950 2305 15589 8683 6766 10087 4098 15304 19743 18988 13971
11779 11947 7768 9930 2519 15569 6836 663 7140 10583 13480 9964 16909 17882 8750 16509 19981 8394 1427 6116 17166 14036 13788 12239 6721 13885
10495 16852 14238 2986 6457 6699 3000 397 3506 15770 17519 14166 3892 13511 10784 534 10658 8462 2691 11650 11377 8078 14788 16792 18269 10210
18798 18753 8747 7646 8883 2817 11968 10389 10358 18636 1902 17131 1494 3371 10150 19370 14231 616 16763 11047 557 666 11286 19236 11158 166
4727 6063 15887 7694 11687 5273 9816 19927 16074 2389 10444 11888 16467 3210 9237 897 13186 10599 1996 12182 10900 16008 16426 9692 14327 11639
4919 12763 10476 17975 10106 12343 9749 4758 1405 12929 6617 16423 5372 10933 9410 18280 1403 8472 1261 7867 7637 10869 6702 12442 4917 1381
10942 983 19095 9842 18041 14845 14754 5684 11249 12899 4059 95 18081 15079 4994 2730 5964 12335 2863 6503 6049 17767 2176 8261 1327 11985
4736 15958 11377 17057 1450 9085 14825 3639 7734 10092 18276 17168 18992 2669 5724 10111 19895 375 1383 11132 12635 13604 2650 19730 5843 3503
1601 13506 2020 18140 5902 14067 11699 18105 2894 13192 12958 13180 5132 1220 16258 3639 16398 1930 6981 18971 8191 11001 14595 14508 8303 5257
12587 419 10068 18484 8311 15465 17606 7415 2986 2664 16703 1015 12696 3603 577 15538 6437 19483 14547 16273 4450 10149 17316 7555 16482 14044
19336 18831 16418 4238 11865 16678 13444 17378 17966 11737 425 13815 18715 3219 7847 4303 7461 5099 9297 3096 10621 15521 19188 11492 13578 2067
512 12765 5525 4734 16567 3690 11929 15929 14387 19975 17027 16594 18586 15851 6554 780 9938 3965 16984 19368 1728 14294 19905 17901 8556 11783
7183 2186 10969 17756 18433 14166 1 4633 10962 7662 16022 6770 4007 13929 18682 12487 5498 10105 6641 19070 5170 10377 3768 16449 16198 7037
5116 10309 12393 2628 9187 10396 5762 6199 19902 2402 4644 10733 12680 2185 9394 8634 7752 12047 7015 5865 17562 18501 10397 5559 2950 13915
12841 2817 15898 4385 945 17942 9953 16367 5474 4133 17030 14838 4791 18226 16121 15630 15062 17652 18865 13502 11003 11995 13286 1455 6243 16907
224 17875 5558 6 14462 3195 17034 11231 8273 3461 5958 4281 238 34 10937 17249 19768 18207 410 19700 1134 1085 15773 3494 10711 2427
9112 17114 14280 4431 13787 7145 15130 5732 11203 2176 6985 6431 13738 11199 7601 15148 18575 11558 13876 6871 18911 14550 18955 11006 11821 11591
17319 12055 18058 1104 16238 14666 15535 2230 6020 13941 1924 15956 9953 15570 7847 2411 2657 11988 17373 12564 10190 11013 15282 14298 11749 7884
5065 5479 9686 3465 19693 19239 19774 8645 9445 15731 403 15183 8852 18742 15808 2230 11530 3993 10189 5289 18532 2327 4448 3473 744 3754
15937 3639 14362 9750 11910 7220 1192 14628 178 19048 2552 13319 15664 11442 7997 32 7159 5348 7719 10622 4886 19244 1851 18709 720 2862
18650 5502 77 17255 3783 7705 8295 18645 14340 6288 11821 3148 10767 7523 11485 19502 3846 6668 2935 15507 4523 15335 6117 13664 666 11759
17241 8889 15301 1320 7848 11202 5285 17983 2265 17502 10465 12781 16224 14962 9844 5265 3704 18084 4687 11678 8452 19017 8078 13061 18559 9203
5648 17131 9398 11610 1757 13927 11619 7662 9343 12713 15670 823 17582 1400 2377 12069 11065 19686 3057 13183 14031 13851 19386 8545 14283 8215
12975 457 8040 2864 19280 10143 14592 12256 7929 14874 8037 11440 17431 8430 3870 10472 13591 8910 14503 3722 569 19152 15280 2438 1554 6979
15319 9946 18872 9225 14083 12300 5792 2262 4670 17731 4897 11404 2201 5638 15574 16956 4660 17867 8187 9021 8150 14562 4963 19250 11522 6331
7303 1585 13893 3461 13369 9318 11258 6943 9411 5771 17402 7357 13844 4710 1045 4957 3209 9507 1336 19991 14120 1522 10332 5030 19127 5025
1563 14320 16334 3931 14943 19176 11481 6287 2766 4938 15343 19112 1969 11842 16576 17650 10730 10360 9738 4636 9895 16540 10789 10364 14396 14060
6677 2516 10778 17541 10572 13639 19888 18045 5517 18020 19846 1661 11964 691 10412 9551 5559 1054 6173 19014 1583 4679 110 8508 4838 18139
960 13799 15111 2816 14905 13139 16782 18040 12896 7147 6391 3611 7332 17137 11352 2624 18776 3212 12664 6355 1236 17122 13911 2238 3204 12967
515 4902 4642 13225 16732 16700 14616 16030 19939 155 7769 1696 6796 19109 117 17451 8752 8668 5633 14840 3802 9531 12187 6395 13203 6498
1787 15999 6683 6597 19003 2171 6589 15444 12887 11287 5179 9029 8059 9066 1189 12730 3568 13011 18305 17685 12799 2343 6825 4827 17140 6566
674 5664 18858 4883 5614 14485 15972 14516 7812 12028 15650 2627 6450 2903 17034 9905 18187 10752 3980 16833 7017 6555 10499 18303 7820 8381
5550 19398 19763 4352 18793 8272 14997 13706 12440 18286 14790 5901 2387 6335 14675 8055 11790 17318 4249 18723 9659 4537 4150 16981 13631 14189
15443 3233 2794 6241 13550 10590 13561 9264 6986 9860 6989 15161 7047 9585 18917 12693 3935 10955 17526 18002 15655 3148 17848 6774 8170 19828
1096 10072 6086 1624 6056 8954 11983 13688 6211 11368 9572 19671 18420 3066 1524 2086 17888 4120 9611 13379 5501 17189 19047 13157 5575 10774
9873 14776 9707 15741 12537 13870 19805 9792 17720 17021 9412 420 958 16069 7280 1834 8227 11204 2737 15967 19675 7411 3646 5805 4892 6483
18305 6191 5070 12687 5369 14011 12343 9939 11106 9345 8320 4392 11474 301 9255 10919 8226 4283 16279 416 14110 3677 14587 13781 8078 4945
9973 6220 11120 1362 6744 18005 6122 12879 17752 2524 19031 15643 11040 17317 450 6890 7406 5137 5997 16640 9341 6482 7141 16188 8055 2859
17336 13519 860 2727 6627 15584 5005 4028 5784 13885 6563 637 4201 15845 10171 8849 15622 19182 3277 19187 4901 2946 1180 7902 14058 6530
19227 3212 8370 5449 12337 17456 14558 6655 12284 2527 11370 16821 18868 12532 10604 1880 16210 11626 5764 8258 2478 6744 7440 6452 1949 3155
12163 4320 8058 18009 10180 13531 13559 12815 12454 11473 18816 18519 13617 15118 3710 1103 19450 4665 13979 17810 2790 8571 9199 8180 19778 19095
15512 11981 19013 15223 12677 18040 12145 14816 7373 7830 17562 11227 17832 7060 14695 18722 1350 1335 6777 9591 8426 1639 1343 6502 940 225
15800 19827 8480 10886 3587 12985 19339 16267 4125 8603 1891 1107 7558 6830 8602 9986 4813 12411 6388 12924 17733 13795 477 6803 13980 10135
2498 1053 4310 10265 4512 5734 1903 19132 10982 6625 15409 2079 14601 18067 6210 3110 19867 5951 5658 15267 18680 7401 18205 3643 18359 11350
4378 12226 10665 19365 14310 16532 5800 538 9644 10892 50 1737 19105 2973 4026 6726 5665 1703 18924 6262 15213 19776 8948 19549 6887 10033
9330 16940 8429 12092 1405 12595 16110 7849 4025 12760 18633 12506 6361 8035 15419 16597 5988 8198 18764 1 2896 16006 10688 14972 19943 14894
18512 7871 16592 11976 1626 17797 4225 2391 3911 9735 13170 19018 13396 1334 8261 1987 16517 13297 16060 986 3876 3185 12522 490 2959 14321
1257 5355 3351 9763 7542 5451 19418 19814 13205 10637 8621 18088 5599 1432 11612 13530 4856 9301 2020 3017 14215 18591 18349 11497 12775 14531
5076 16263 18644 3843 4721 197 4088 7134 9222 528 8800 7364 16254 2297 16483 9634 2876 16137 12276 11360 6947 8386 8390 16677 6840 48
4076 163 16058 4365 4842 16923 7209 9017 11225 3649 18944 12075 9908 10130 18000 18110 16149 8199 3492 17518 1730 6354 16167 14231 19372 13913
17114 19432 5094 16451 19312 13953 4110 13251 18206 16182 19455 1878 11296 12698 19985 18679 4434 6778 18742 607 1809 4741 12868 13296 7795 5025
6424 7608 18356 13452 18271 18185 10058 18020 11054 8604 655 9442 79 4362 17960 2132 4616 1658 8290 17667 9395 4111 15182 13274 2045 2049
17865 2989 934 9743 15142 2355 7107 2878 17836 2151 1207 18698 4405 16876 5318 7794 6098 19736 417 2766 1299 705 16478 17129 17208 4835
10403 15947 2184 18301 6820 914 9313 6448 11524 2095 12299 3782 10396 4720 18038 2544 6523 11194 11321 17423 3117 6721 13901 9425 16565 9379
10056 5071 17426 5559 17197 7322 14171 11252 8733 16329 5944 9122 7594 2124 6152 350 3706 16357 4356 11408 4395 19406 3628 17590 17500 800
1921 5208 19294 5694 9616 17041 12218 10216 8721 16156 16624 16826 6314 14836 11337 16723 14592 8959 6166 5566 14354 17729 8145 13465 16891 3806
5450 8717 10062 18417 11590 8671 491 13444 12050 8252 5747 12330 16688 18677 19835 16476 18942 19817 2223 18826 12179 13693 17996 16841 3805 11045
13099 7243 535 4748 8069 3254 17167 18196 6257 8395 13490 11935 3851 15261 10648 12330 16575 19008 12953 19983 18110 1244 312 17352 3628 7145
5656 9378 15400 7471 6949 6009 10292 18238 4560 19645 2126 5067 7194 14024 544 6488 3831 14747 14190 4448 6699 12493 5492 18777 1144 16099
19293 14423 19001 3955 8455 5432 19813 10460 11392 13096 11755 7123 9046 1341 10640 17937 11493 1687 17880 18561 18959 1115 19873 810 7016 11524
8599 834 11950 12768 18137 6260 11349 2306 4537 12619 7290 11251 7654 11403 9375 10414 234 4993 2695 3500 1934 13752 15191 9695 15797 12392
7511 6156 3568 318 13541 12475 9679 10071 17259 9523 13521 17179 4998 7643 154 16273 13502 16625 4906 5570 7774 2574 13418 10723 12808 12628
17649 4443 9547 10547 11960 3677 3221 10395 2460 14126 13579 5826 5847 17793 1473 5846 10997 12034 10187 3239 17925 5970 11129 41 8461 11283
11885 2030 10448 3843 3680 10202 12518 10966 3146 376 15672 13019 16393 11355 15759 15825 16801 46 13329 1385 9667 6127 16466 8687 19564 19528
14452 594 14484 979 14600 14467 2926 12001 10747 1706 10751 10980 9416 14168 7447 15490 1445 4722 832 19877 18760 17157 6427 3958 2310 71
15332 7828 5752 18125 3690 5731 13013 11706 11051 7617 3750 17581 16567 13909 10171 4121 6208 19725 5323 14827 11722 16965 5975 14356 15469 10696
1710 3885 7729 10194 1001 14859 1107 12474 8484 5924 3433 5598 18164 9034 18236 19788 3148 1985 16178 15310 19208 8315 18637 704 11937 19229
10679 18854 10637 1279 17862 651 7126 12908 4512 6763 5795 7118 15593 15634 13140 5672 16939 8616 41 14343 8314 2152 2652 16941 13601 12768
3880 3718 9637 933 7884 4941 17903 14002 11663 938 3175 12585 18675 5174 978 6347 9170 11964 10742 6412 17624 9230 7976 16231 18401 1475
14498 231 11172 1335 17608 11955 2747 10803 7285 12190 13746 13582 8489 13875 8041 2488 6787 13403 9800 7891 123 8788 11897 11 7739 5893
8748 6157 4005 2466 2087 13542 11711 9107 6579 7171 16177 680 4414 9496 18609 155 2990 6266 10505 16374 9969 17839 7426 7811 19533 19342
19688 15920 6047 9738 3822 5992 11841 14178 9788 2978 3630 18780 987 18502 6083 6424 2126 9381 7783 3191 8716 8579 7340 7641 9502 12227
2979 15818 3679 9417 18090 2885 5426 6689 17471 5827 8309 12071 9475 11857 7260 4189 15921 15358 7813 9448 11880 4372 5031 17215 13782 1616
12293 8187 11617 4076 1990 18998 19255 851 246 1669 8382 17955 10908 12015 723 19847 12892 19200 8393 596 242 9710 8195 7673 8125 5961
7970 10021 5499 6343 2460 2787 14703 7499 12482 415 13098 13582 13041 2181 11424 9046 12052 18651 417 8194 9580 17874 17288 18740 15763 17602
6822 1693 701 98 9381 850 10016 11918 1627 19375 18590 16426 6487 814 4731 17537 12438 10513 6575 8181 14672 14200 13520 16763 6125 10696
3044 6088 6529 5325 9697 19318 16152 14244 1843 11568 12 6055 153 14472 8778 1422 9658 12099 14090 19219 14546 3719 6026 11638 2244 8513
1620 7134 14778 10587 5961 9738 1719 2637 13540 9358 7672 10298 11277 2296 7023 13514 3155 4052 236 13773 17460 13309 6271 11442 6140 8764
13489 6724 2445 5132 59 7099 14388 8754 12131 5091 1113 10529 12645 1259 16137 6967 8244 5155 16934 19023 7291 5792 8202 8924 12253 2421
5589 13941 10165 8887 2669 11790 7201 6038 11699 6881 16382 17320 4382 5298 6037 5764 13067 18873 8504 3038 838 11144 454 1064 7249 11713
2611 13717 13904 9586 1841 2418 18404 19361 5263 15228 6607 16816 5678 18484 17600 8714 8163 10658 11789 17138 9653 5269 4210 5246 2896 7161
4247 1284 13904 14492 19554 13234 18343 13902 19350 255 6957 8912 356 12764 5700 18473 9336 7903 10514 1644 9281 14896 7169 18227 8462 17809
18108 14070 18519 9386 18927 3446 18055 15802 3717 17598 11395 15474 8965 4008 3883 3201 13933 8675 17932 7614 8415 2061 1081 11265 8250 3407
18412 9144 3480 5528 1316 4325 1560 19680 2625 19295 364 13951 13033 8837 7748 13860 8064 104 14327 8551 4972 15344 7538 7272 3110 15660
14200 5297 8599 15692 2995 15528 13057 16594 9087 6937 13778 14131 15667 5213 9096 4752 1414 12436 6741 17250 19 8729 18825 18776 18015 17621
17886 4477 1242 18371 11260 651 8454 18936 16980 13013 5067 15433 1898 16397 5189 13391 13897 9391 11768 19271 10936 812 296 18851 6972 16479
12020 11272 8636 125 10591 8023 9376 12117 3504 19079 12214 14401 4060 296 15409 9981 16442 13093 10508 4760 3923 15037 18697 18679 19202 18183
6535 13777 16721 16635 5005 344 3044 871 17462 19207 15354 4831 15563 14485 13203 10136 431 14047 19517 10526 8779 10479 11460 2732 18311 10916
7817 296 6757 13750 6563 5250 10238 13963 12625 2059 679 2213 9404 16614 17261 10599 11809 11493 7947 15968 6536 13898 17045 16983 18685 15878
16576 17882 8141 16481 921 13585 11879 8626 5479 8895 15566 4623 8933 8766 10395 9973 18883 10815 16826 10354 2637 6514 3870 2869 1700 12015
2062 4279 5624 14117 425 13338 1652 6877 1227 12172 19140 1239 12221 9121 4689 462 15332 2319 4778 14798 9701 3884 13365 8131 14024 5209
15422 6170 10289 18434 5185 18276 1349 15833 12987 1725 16977 16824 11610 13114 999 9735 9640 5041 17927 8608 11579 16172 4492 3750 15102 16682
2955 19406 18133 18786 1886 7748 11362 17809 8237 3585 7532 6191 19413 701 18900 16185 5971 4652 2248 3913 9307 4948 2478 7474 10550 15574
15762 4424 19308 10944 2085 7099 4802 18307 13313 571 17635 9832 13497 1029 3990 11328 17919 9442 2715 11500 12080 8079 19744 9693 13205 14227
12484 3727 453 2314 4474 1579 3196 11664 17200 1113 5835 18771 897 1162 1558 6615 8297 10927 13914 15001 9831 9575 9130 3276 14201 12887
1720 10286 1971 8558 11454 6360 13078 17448 1842 10120 11434 8841 4292 11356 7140 7131 14283 4775 19616 12050 3109 19909 12335 13852 15063 16026
5856 3275 4602 2932 17599 4647 14527 10067 13539 10673 16040 8302 9473 17629 5065 15725 14920 520 10465 17163 8193 6563 14141 3414 7120 17748
2364 17766 17983 18002 11095 1269 8290 16936 3632 4348 9333 10177 17566 14538 1445 6458 7696 16863 371 728 14539 18249 637 16068 4090 13065
15579 18263 11588 9849 17338 19372 15809 18612 8798 7164 9379 16963 19130 13379 18672 10514 3417 19699 11801 8451 10033 19070 5004 3019 10525 7774
6136 6101 9934 2172 14310 18008 13299 72 4764 6864 16682 13287 13478 4562 14333 15838 7909 9596 17533 7482 19454 18241 2093 6797 2587 8041
19408 19674 19490 19934 8735 19361 7983 5058 17065 9077 16144 703 1618 10977 19724 8260 19640 364 14679 9163 4733 11366 8225 2284 7267 6751
18341 12046 17383 8137 7849 10740 18808 1543 4809 9212 19686 17033 15671 5363 375 1651 19437 17484 14131 12842 915 868 6122 11037 3358 9585
14541 18087 5003 2234 19139 5075 7197 13295 3409 7066 7989 5935 13797 19134 7061 8617 10058 16319 10003 3189 8526 8702 18912 1675 6624 1611
14636 5833 13260 12868 6698 1092 7673 3705 13498 17792 3066 7211 4868 18812 15008 15531 13248 5371 18794 14451 4308 13511 14099 8001 18039 4869
15419 7080 3343 6493 19629 18377 2939 3621 6830 6754 14503 12733 15418 18246 7476 8470 6718 4697 2116 1151 8328 12815 16223 13104 12947 19511
5736 6461 11130 13609 1597 4482 3963 944 4899 5638 9358 9811 12581 6371 11058 17343 8007 9317 3782 7625 10956 3261 16524 4937 17751 15251
18334 12170 18387 1999 4878 11578 3272 4065 10881 12333 14073 15244 17157 5280 9412 10350 16335 8070 18224 13258 18057 8059 3696 9837 49 15086
19034 18219 19657 9642 12782 12746 11296 4630 11551 16127 5001 19948 16397 7709 14998 3267 2097 16403 11890 3511 13035 18560 5572 7761 750 19300
1258 9384 1951 12719 7654 19141 5705 6579 15484 980 4161 1362 14735 15250 2512 7109 11266 6615 3452 4727 17520 18219 17147 14258 12293 10309
16194 14598 15765 1380 15055 2590 6105 13660 1727 13135 535 19977 955 8825 11616 19306 9989 15852 8658 5034 3168 5503 988 1115 19379 1129
10588 18173 13402 15853 8304 12486 7445 16856 12493 6478 8611 7720 7777 10542 18275 18168 4816 12433 15594 7614 16045 14654 9823 8124 983 4645
4393 10223 13099 589 11134 10952 13720 6772 2772 3045 16010 16631 7026 14258 3767 8597 5550 649 5732 11032 1414 15771 6134 15865 135 19035
2219 15044 5389 18938 19454 16893 12547 10104 8796 12080 18973 16616 13060 9153 14333 5143 7767 786 751 3528 5842 1785 2040 11949 9223 4945
18821 17350 6564 6022 5133 1575 9542 13139 8546 14898 15903 6279 16726 18262 2978 10823 6960 19293 16680 13835 11380 854 17644 11902 15155 14441
15737 17593 9741 17139 1918 6498 12516 8528 5694 3688 11173 12583 11091 6445 16866 349 17162 13456 11427 3025 8334 19118 9489 19272 4929 18409
7949 8174 5321 1941 15268 2004 19849 11732 11581 9561 14144 11133 15101 10962 6430 13629 7580 241 16328 9718 4707 10509 7894 13954 17986 4602
752 13099 2557 12007 15507 19506 18499 14717 19047 17347 8805 8180 18011 9004 13308 5758 6835 1544 1123 18845 19969 4922 9937 13854 18428 19942
1013 10546 7227 4840 14046 1413 2676 11702 14362 17301 2840 3808 2147 17318 19006 19136 1911 17879 19237 19118 2208 18520 5265 8485 9958 14294
10542 1606 6649 14103 6852 18841 474 18826 4791 6047 39 16998 12413 3049 13685 10763 2730 2688 1790 17848 18646 13521 19931 19574 668 17465
2998 19895 14578 906 19783 11436 11241 6021 3965 14787 18060 8186 19877 9347 7670 19641 335 16572 4559 10979 19005 4764 7299 478 9196 2421
1559 194 8478 2405 1821 8830 3934 18978 18406 4164 17840 19224 2845 2568 18186 6068 15104 3491 421 14503 16589 4076 6941 17449 4420 3328
3879 1165 19156 10804 2722 8914 9779 16667 2366 397 2108 3449 1281 11025 398 389 2176 11818 9646 17650 18151 15081 15851 10615 1878 10530
6703 1022 14842 17975 4825 6792 2719 6501 18850 9290 12917 3561 1708 14403 19417 2230 3001 14357 1230 1211 10313 7980 9256 11581 14956 832
14359 18234 12581 2786 9040 5122 7340 16191 18569 8576 12233 1792 14605 9496 19317 11815 13442 2640 6532 14691 15736 1890 14987 8744 19671 5769
11144 18759 14783 15893 8809 4719 4982 10413 18283 12200 5932 16019 5350 18695 6961 489 5985 14331 4406 1256 12197 17754 2763 9861 10081 19016
6694 847 13071 15140 19756 10978 12231 13067 2732 16346 3663 6748 16920 13636 5215 2985 15987 2257 1513 5693 19918 2348 1451 16247 11196 6770
4881 19167 6238 14566 8112 15783 11648 4926 18012 4474 8650 5950 10276 2151 9123 7892 18998 15355 8534 16882 5722 8276 9638 15406 851 16120
4749 14259 2261 2392 3775 2934 11932 8605 7786 19534 9852 16690 10894 8818 18038 18689 5457 12060 16366 18333 11888 16362 14399 18876 19640 14071
3136 2517 11426 4168 12492 6273 15482 5068 887 9894 3027 5485 14249 4825 2174 14563 4191 13285 13699 19628 9980 17690 5595 10319 1125 4064
17985 11781 5144 19070 2550 11460 6789 2543 12512 6544 2248 5602 7448 3174 19643 12885 17475 11025 11832 13138 14857 13111 17505 19887 19435 11033
10463 4645 13424 18632 8966 18176 17748 949 19270 16014 12273 12624 15523 3898 3056 3212 3872 4261 8030 9049 8605 11183 4169 135 491 13745
4130 17819 16253 18630 2382 5299 12953 11434 4673 3979 5997 5401 5870 7772 9000 12157 633 408 8304 3467 17373 6377 7043 16087 13291 15762
10450 9926 16244 11658 14112 9937 2643 14069 4882 5387 7314 3853 8412 11318 16745 19562 16707 2405 5939 14263 15417 7968 3886 11213 6327 11516
19734 2427 10922 18371 1311 19851 8703 17392 9113 7096 8755 16874 12729 3314 9251 17458 172 7034 1184 18934 9471 6477 173 19069 15405 5484
7340 7982 12207 16479 6487 6090 17876 8658 14915 10384 12754 4171 8139 2501 13664 13673 2012 14063 14909 10507 10866 9503 18433 12574 9526 19641
19381 6073 5517 18535 14977 1647 3466 14555 14472 12020 2700 4382 14008 10607 7098 1784 18590 2001 15199 12570 4277 2196 16534 17515 15616 316
6718 4529 17110 15176 1901 1175 2078 6503 8301 11999 4185 13981 12534 17121 5503 3944 19422 7800 571 9168 12549 17663 10015 13575 10856 14958
8138 4994 4640 6528 16967 15224 4364 5419 12715 2438 1925 3831 2171 13355 3749 11608 18460 19773 17212 2384 1368 2849 13400 8141 5281 18115
5409 16177 11385 7169 15617 17213 14205 3705 15144 14189 9301 8807 18420 19776 1664 12816 7703 6121 10456 1393 4381 17600 8082 113 14989 18510
13241 18691 1506 10421 13974 2627 4237 12497 12770 10740 8244 17198 15625 16333 17244 19404 14646 19014 142 6592 13569 5251 5252 3524 3818 10432
14228 10629 11000 2380 7885 9410 7700 770 545 854 6710 18048 17655 10612 13458 6878 12601 14213 54 12532 6277 32 1231 19176 6623 10068
3918 18469 2354 17062 13548 3369 1526 5367 12140 12758 16165 7578 4858 18901 14078 16105 7214 19090 2700 9862 3278 3131 3413 223 4086 9335
10394 6237 3387 2615 7598 8716 8933 5195 9551 8967 4200 6527 9694 1246 11012 8876 13115 17693 168 12654 2263 16994 18312 2047 11040 318
16505 14379 1585 8571 6780 2256 10925 12116 18267 17858 1886 15666 13333 14290 16835 92 18342 3087 15817 7515 14504 3396 14784 2668 1516 8204
2205 14633 12862 13651 17020 17419 7811 4477 14869 10544 19748 2167 13897 2085 19376 2009 1393 1797 3521 2868 9299 3 10102 10428 19962 19321
13273 19140 8113 1636 5361 13665 344 17604 16159 17426 2831 9318 4260 7288 3169 14663 9647 10436 10933 3251 8821 9247 9848 17404 11774 6300
15485 16935 5053 15380 8929 10190 15395 9291 9905 6059 13956 18174 12866 14346 1052 6509 2862 10070 12852 11403 14227 18885 9733 8339 7486 16648
9717 9712 12124 12852 12927 16694 12999 13845 4535 14456 1798 13416 18146 8005 16271 15589 16641 13293 7222 13199 7634 1881 9101 13174 9602 15191
5473 16064 3215 2107 12854 12498 9339 2445 1682 4162 639 19548 5300 13963 16842 2654 15472 9487 8591 14537 8313 11041 18568 17718 15731 13019
10216 14544 19940 6464 18402 5355 631 17473 12274 1147 16279 2148 18318 4087 5684 8814 7022 11729 11050 3984 15151 1054 9490 14607 10723 6434
17597 17556 4056 4247 15042 10328 3086 13812 9147 2773 16915 11935 684 19955 19852 11655 12460 12470 18179 9737 12162 8492 3884 4141 9021 16884
6809 6524 2436 603 16197 19024 5695 7184 80 15103 17142 16762 4816 4826 9806 18642 4605 11129 8569 3760 5501 9658 3250 4664 6388 3503
6591 13841 4399 8199 2844 4439 9402 14659 8774 4755 5693 3021 2048 6005 15588 15431 598 2575 14036 8969 13796 11282 8489 11128 12430 5266
19232 443 7670 8708 3035 7957 292 11521 15451 10273 19717 216 5093 6764 8059 13112 4495 13708 8992 7941 10303 4439 2163 5164 794 2729
3855 6689 17401 5277 1762 19183 10849 5088 9890 3256 2973 11615 15776 11821 16314 6382 112 3448 17088 3964 11771 11530 19532 2664 13028 4583
4187 5474 6020 12287 7323 5405 1635 5027 7378 11207 1650 17392 2034 4758 15969 16242 9493 15183 13811 1573 18331 92 9338 7477 6432 9513
6863 15720 114 8725 6054 1618 16599 16561 5037 16998 9619 6476 11914 4275 9893 2823 5660 10921 11726 19699 4068 15396 9919 15944 852 19327
19890 15247 5127 9347 10817 9026 13009 5850 19092 17445 9857 12004 569 6844 10114 19018 19941 3692 9528 18339 4315 11663 15652 10054 7183 2291
3061 19455 1549 10273 1231 11670 13855 19203 15471 17004 15113 5338 14291 163 14444 336 11678 6942 16923 8592 19393 4354 6175 8426 13147 17090
6550 4143 13051 15364 9557 16389 5778 2563 1602 5968 11011 16466 707 598 9748 1073 3005 17155 99 18545 19976 4958 5438 2030 18775 9701
13209 10645 11129 11831 180 2543 11085 350 11461 3278 1842 8452 13896 7658 6873 7416 13890 12737 6036 2877 3642 7129 8780 19022 13436 17205
18297 4253 17284 9834 1606 8346 1731 9026 4846 5102 13781 11372 8295 3059 4830 15611 19045 18969 4602 3871 3222 1745 1449 15226 10751 2005
1584 5360 9638 15902 10251 17038 13333 11631 16128 10993 3185 2719 10365 2740 2490 16983 16291 13600 15009 7887 18157 19535 12461 9510 12441 9986
18019 14454 2425 14433 9864 14022 4225 9792 12171 7850 12999 19526 17991 2346 1327 5928 7088 1536 4008 5817 2654 6630 2166 14752 1701 7287
13988 14247 15191 9638 2457 9407 10749 19355 14393 16172 17490 17386 13586 10395 12141 15702 1989 10452 1433 16162 1718 14922 2956 15746 11146 3036
10489 15244 18561 14021 1715 7048 7787 509 4401 877 11241 16977 19784 13045 17826 10385 16094 16056 6277 18045 6294 3248 891 11345 18592 17413
7633 1928 590 16074 13543 5370 17703 13491 3943 8340 1416 6216 10614 12287 3246 13590 13364 13299 15747 16369 6028 16502 11542 6366 19949 4658
6521 17258 16364 15643 17592 18999 14021 10146 1108 924 12248 9244 419 13175 11406 15505 5429 16908 16694 8267 273 17997 3102 11249 11918 1155
13992 5398 9926 2972 16867 13661 19888 3149 3857 9528 7000 3976 10719 17233 11048 2511 12924 12118 3561 18185 12029 12354 13011 4156 11870 1228
568 8053 16320 709 16558 9146 5761 12735 13682 6015 16015 8860 11038 8001 5520 5507 8518 9040 16445 7209 1929 9488 2287 4598 7981 12931
7777 17209 2187 14559 16406 4201 11126 10037 18920 3180 19318 17869 5731 9273 204 5222 4759 672 16033 18317 2030 1116 1179 4880 15778 2243
5516 1214 19779 5462 18846 8102 9385 17990 13324 12786 15336 1549 12812 9658 3054 5628 19722 15126 3014 17245 8515 19412 571 10092 8260 17798
7423 8053 12867 19182 16495 17625 16640 3651 3261 5422 12062 2732 11408 567 18900 6470 8296 11086 19147 706 2249 17141 3771 5589 16103 14560
19161 16328 9673 6938 1728 7069 19137 17331 10139 16694 12422 4662 13255 5199 4323 17706 1778 8082 10815 2318 1139 11344 16378 18408 14732 9167
14398 14412 16171 18259 12309 6969 13219 8124 3440 2003 15117 12583 19631 7371 15122 11277 14842 1349 2860 6470 874 5121 1339 2878 590 5493
13984 14287 14532 15460 13763 19834 17560 11175 9401 13396 5415 15310 3918 3358 13740 12744 5716 3693 3687 12640 4039 10689 9137 886 14378 1588
414 7648 14338 15422 4481 544 18671 11777 13071 6452 15806 10738 7214 19429 13281 1286 4775 17495 18148 11145 4236 19048 13363 4978 13972 2990
4875 7914 7073 12457 3531 5206 6532 2132 12041 10357 5041 19735 18730 16583 19930 3907 14172 9733 11775 15519 12024 5715 5005 9376 10040 278
147 7189 17304 14551 11442 18929 14267 13434 4713 11431 13195 893 708 13459 12173 17695 12036 12087 16398 138 5266 14089 6568 9887 5471 13538
14068 16185 19982 3241 13985 15900 8704 6869 3227 8727 14636 10654 4820 19264 16892 12955 19311 1923 7310 19609 13680 12836 605 13541 16617 19997
14390 6903 11573 8712 10582 17748 17071 8667 2784 17353 8550 3785 2027 7642 12653 9192 5491 11384 7375 8700 4746 3800 17198 15671 8857 4634
11415 8672 165 16093 3740 11349 10824 13070 17558 11156 7110 15049 9209 3949 15306 8621 10911 16744 16955 17343 17748 14917 6765 1638 1638 19556
15065 12500 15586 1562 12186 15228 19565 17449 4694 11236 10568 10167 1530 15443 8148 8548 15053 2893 13910 12157 1961 9573 10920 6420 9736 1690
16858 5608 13187 18807 7657 4520 3822 4663 12433 11871 18632 519 16183 14403 9328 7200 2390 11782 13383 3117 5043 12143 19800 13686 2007 19948
2230 1507 1647 12939 8107 19896 11467 19000 18541 19166 9493 6321 19926 19631 13368 2815 5646 11582 5099 901 15743 13654 1685 19161 8273 13696
2670 19659 17237 14547 743 2158 13541 5520 9521 8943 18248 14991 3780 19785 3376 7430 342 6096 7238 12477 3687 11530 7250 10617 11 11355
7126 5834 14171 15452 19198 7962 1755 10839 18089 13477 2860 6153 1934 14064 1382 14721 7119 14410 590 19242 3555 4401 15437 6891 15520 19816
5800 16485 14513 7150 9542 11419 13864 4796 675 17178 1598 11972 4639 2363 14069 17360 3348 13229 2325 13203 17388 3669 1392 12586 17870 18495
15760 2498 6391 13978 6989 15385 9096 1179 1770 4051 1279 18744 5443 7306 16740 1694 17233 14600 19617 12957 18637 10618 9632 7168 19056 17402
15540 7191 17348 10629 5077 1964 524 18667 6696 19515 7708 4409 4741 2643 18454 4047 10993 8179 2803 5313 13922 14366 3500 4737 14899 18626
2002 8892 12653 9315 1193 3018 15370 5009 11904 3681 5909 2976 3455 3022 2218 2781 2061 13586 6108 14136 16935 7749 2062 18241 12139 11669
12396 5561 11279 270 4697 4660 707 11241 14813 14371 19050 635 10044 263 15000 1907 14105 251 6754 18078 4300 1679 4805 11350 913 15394
2184 2393 7586 4526 3469 9461 5034 6708 15201 6863 4893 6836 457 17598 15456 11871 4318 19179 11249 18226 904 7886 3792 15051 10913 6058
8053 11360 12963 1674 7348 2501 12085 5828 14608 10223 15473 6982 5967 11104 13417 9103 5373 7872 7944 16239 14192 5726 1586 1547 12730 18198
11674 54 15472 5766 15760 1239 17978 19875 7591 8468 726 7049 6222 1199 5562 17614 1382 15709 11151 19068 5854 18671 14012 15515 1181 4716
9650 18514 14975 17924 12417 4243 6993 18964 17706 9070 6714 18629 14541 4745 3548 4743 852 14944 10249 12903 4800 4491 12348 11734 2271 11912
15839 19528 18443 576 8997 572 10610 3145 17110 9295 17901 4523 7521 5272 6718 10720 6602 3767 11039 14241 3351 17864 13427 6635 13111 3243
15558 14372 19398 15113 11863 8606 3467 1635 5573 15770 1411 3089 5952 3966 13633 12087 2878 19926 12022 18147 19629 11505 6934 15206 10933 15468
13231 5851 12579 8923 7843 11934 9229 19995 12544 16564 13980 10625 4656 17067 10836 13066 1955 1971 6564 10515 9437 220 17039 10223 8045 13485
5578 8070 1590 13250 19958 9476 10108 3381 13838 2734 17974 17017 14635 10522 5946 4078 4010 14237 1003 5880 10227 10322 11908 18447 7084 7424
312 6318 12553 15475 9904 12370 529 4708 18016 599 14677 262 9507 2247 411 17752 9823 10979 14182 4572 3891 17694 145 1943 6848 18481
19619 12339 18668 492 16200 16448 11346 14196 12614 10062 11962 10080 17762 18220 7565 3445 3165 9415 5541 13264 15567 5575 17300 18894 7445 11100
18447 11740 7247 17014 6460 227 18882 671 3578 17901 1633 17458 6607 14847 3617 1601 6566 9022 10565 12415 5481 3108 1226 19364 5707 11725
1629 16100 3254 16289 3773 3950 17622 15372 18221 17830 9691 7785 1301 4909 16437 11199 5998 5893 15109 18955 9339 11161 9863 8746 19771 12366
15138 2733 7695 2986 12915 3392 19950 12558 13483 10995 4256 17829 11561 3553 4070 16470 2556 7184 3293 10326 11603 4818 3050 6424 10801 6737
7853 8849 9234 6534 2376 17140 18806 11247 4636 7467 17585 1162 13898 5799 7046 6066 17833 8827 15176 9479 18742 16823 11815 14733 2626 3612
4470 17139 14660 14142 11756 11789 9937 12109 1658 12538 11349 11533 2575 18990 8209 10244 18591 19149 13739 3211 19473 10753 6975 16868 18218 10848
8640 6970 1991 18845 17834 12207 10261 8335 9515 18468 14563 10682 9853 17228 13994 18587 14052 10256 18017 3802 12487 1193 19497 7078 13117 16182
16349 4218 6177 17454 18190 12290 13080 2761 4517 18090 6801 14703 9389 9614 2400 4979 16913 5399 13002 232 9440 14185 17853 14016 13223 915
14298 11456 18054 9066 6547 18444 4458 767 8816 3003 5706 12697 10393 2101 17516 10057 9046 19765 16432 883 10154 15330 15428 7709 13904 15608
7625 2631 19684 18504 18603 9186 17171 18829 18367 5363 7860 6980 15693 9658 6335 8514 3930 9991 13900 14666 10553 2584 294 5317 4872 13920
2
5
22
22
25
17
19
21
25
2
23
26
22
2
6
9
1
7
13
17
23
7
26
16
15
24
24
19
2
16
10
23
22
9
16
14
23
8
26
21
26
19
18
23
19
11
22
15
23
19
15
16
26
1
23
2
13
25
4
25
26
23
25
22
15
26
23
26
22
26
18
8
16
2
22
14
2
18
22
22
23
19
2
26
26
23
26
2
22
16
15
18
18
25
11
15
26
22
23
16
26
2
25
22
23
1
22
16
23
2
22
16
18
19
26
25
25
15
18
26
23
22
26
5
8
26
19
18
26
22
22
23
8
2
22
26
2
26
22
22
16
16
19
18
26
18
23
26
23
8
8
22
25
23
23
16
2
2
8
16
22
2
8
23
23
23
15
22
26
2
23
23
15
22
16
22
23
22
18
25
22
26
22
16
2
15
2
26
23
2
23
9
18
13
26
16
2
23
22
2
26
22
2
23
2
23
18
2
22
22
23
18
26
23
23
16
26
26
22
22
26
2
25
23
26
2
2
16
22
16
8
22
19
18
8
26
2
26
23
26
23
19
23
2
23
26
2
23
26
22
26
22
22
22
2
18
23
23
26
23
26
26
22
16
2
26
2
23
22
25
26
22
23
2
8
23
15
2
26
8
2
22
22
23
26
2
16
16
26
23
22
26
26
2
2
2
23
23
26
2
22
26
23
2
2
16
2
16
23
16
26
23
2
18
26
18
22
2
22
26
22
22
23
26
2
22
22
23
2
2
22
15
22
26
23
26
2
26
26
2
26
26
26
26
26
26
18
26
22
2
2
26
23
23
26
23
26
2
16
22
2
23
23
26
26
