50
2
0.8 0.3
0.2 0.7
6
0.47 0.41 0.28 0.09 0.03 0.25
0.66 0.50 0.69 0.62 0.97 0.53
8
0.15 0.05 0.35 0.25 0.30 0.10 0.40 0.20
0.95 0.70 0.85 0.80 0.65 0.75 0.60 0.90
10
0.858 0.912 0.628 0.071 0.965 0.345 0.655 0.177 0.735 0.115
0.496 0.212 0.708 0.336 0.876 0.389 0.584 0.885 0.814 0.593
10
0.91 0.28 0.75 0.21 0.63 0.36 0.41 0.71 0.09 0.65
0.93 0.43 0.04 0.88 0.45 0.84 0.64 0.25 0.96 0.37
9
0.09 0.77 0.59 0.64 0.48 0.55 0.95 0.02 0.98
0.18 0.66 0.23 0.20 0.05 0.84 0.11 0.68 0.14
3
0.43 0.26 0.31
0.37 0.03 0.46
6
0.35 0.43 0.45 0.10 0.30 0.05
0.78 0.73 0.88 0.95 0.53 0.48
1
0.3
0.8
9
0.03 0.33 0.81 0.60 0.83 0.36 0.09 0.54 0.43
0.51 0.44 0.24 0.79 0.99 0.90 0.16 0.77 0.93
10
0.62 0.64 0.70 0.98 0.65 0.77 0.67 0.17 0.74 0.13
0.85 0.33 0.52 0.34 0.84 0.99 0.37 0.86 0.91 0.66
2
0.04 0.67
0.38 0.83
10
0.264 0.604 0.726 0.642 0.698 0.274 0.340 0.019 0.255 0.349
0.481 0.066 0.208 0.009 0.547 0.623 0.321 0.689 0.774 0.170
4
0.67 0.87 0.53 0.73
0.40 0.07 0.47 0.27
10
0.58 0.59 0.91 0.87 0.61 0.20 0.27 0.03 0.53 0.06
0.05 0.11 0.72 0.84 0.52 0.85 0.19 0.65 0.92 0.99
8
0.92 0.87 0.48 0.14 0.03 0.05 0.79 0.10
0.25 0.62 0.60 0.78 0.90 0.51 0.02 0.52
10
0.66 0.68 0.90 0.53 0.42 0.88 0.81 0.93 0.51 0.64
0.41 0.37 0.12 0.17 0.14 0.32 0.25 0.39 0.27 0.36
10
0.25 0.58 0.17 0.85 0.30 0.93 0.15 0.88 0.03 0.20
0.75 0.60 0.95 0.33 0.48 0.53 0.27 0.78 0.22 0.38
10
0.98 0.91 0.57 0.64 0.74 0.62 0.60 0.81 0.72 0.53
0.17 0.34 0.50 0.41 0.43 0.21 0.22 0.36 0.19 0.09
9
0.240 0.548 0.298 0.038 0.413 0.596 0.125 0.731 0.875
0.750 0.529 0.471 0.202 0.894 0.615 0.106 0.452 0.404
1
0.3
0.2
4
0.20 0.32 0.40 0.76
0.80 0.12 0.28 0.96
10
0.31 0.02 0.44 0.27 0.52 0.94 0.13 0.48 0.21 0.10
0.29 0.37 0.33 0.67 0.08 0.19 0.12 0.06 0.92 0.98
10
0.62 0.76 0.94 0.85 0.61 0.81 0.45 0.90 0.73 0.95
0.07 0.33 0.10 0.38 0.12 0.32 0.34 0.11 0.42 0.28
10
0.10 0.14 0.12 0.04 0.86 0.76 0.53 0.18 0.75 0.71
0.88 0.29 0.51 0.96 0.65 0.45 0.49 0.55 0.08 0.47
10
0.36 0.40 0.24 0.04 0.20 0.28 0.48 0.44 0.52 0.32
0.72 0.84 0.68 0.64 0.56 0.80 0.76 0.92 0.60 0.88
10
0.63 0.16 0.76 0.82 0.01 0.15 0.12 0.50 0.93 0.80
0.17 0.78 0.22 0.51 0.94 0.89 0.43 0.06 0.10 0.60
4
0.48 0.67 0.37 0.15
0.54 0.92 0.35 0.21
6
0.31 0.65 0.23 0.54 0.77 0.50
0.42 0.58 0.85 0.88 0.35 0.15
2
0.46 0.77
0.23 0.31
6
0.55 0.04 0.70 0.86 0.29 0.14
0.10 0.49 0.84 0.48 0.59 0.67
1
0.9
0.3
10
0.20 0.08 0.94 0.65 0.90 0.96 0.78 0.02 0.16 0.61
0.63 0.35 0.88 0.49 0.22 0.24 0.04 0.86 0.06 0.51
6
0.12 0.36 0.46 0.62 0.70 0.64
0.72 0.84 0.86 0.52 0.30 0.08
10
0.40 0.54 0.13 0.94 0.11 0.84 0.87 0.59 0.04 0.36
0.76 0.91 0.69 0.46 0.96 0.97 0.86 0.61 0.80 0.23
10
0.86 0.75 0.71 0.63 0.45 0.92 0.51 0.90 0.64 0.56
0.38 0.09 0.25 0.27 0.24 0.33 0.04 0.08 0.15 0.19
10
0.54 0.85 0.67 0.72 0.95 0.74 0.82 0.92 0.97 0.64
0.21 0.10 0.31 0.28 0.05 0.08 0.41 0.33 0.46 0.36
10
0.871 0.406 0.663 0.752 0.020 0.337 0.149 0.178 0.208 0.396
0.614 0.594 0.792 0.861 0.842 0.950 0.604 0.198 0.050 0.703
10
0.706 0.431 0.514 0.550 0.826 0.394 0.927 0.505 0.661 0.385
0.138 0.064 0.193 0.174 0.284 0.018 0.239 0.266 0.367 0.147
7
0.55 0.09 0.50 0.28 0.06 0.33 0.05
0.66 0.67 0.97 0.91 0.80 0.98 0.89
4
0.53 0.29 0.24 0.47
0.88 0.59 0.65 0.82
7
0.51 0.14 0.47 0.12 0.24 0.32 0.05
0.81 0.97 0.83 0.54 0.61 0.63 0.68
10
0.47 0.05 0.32 0.16 0.71 0.66 0.97 0.34 0.39 0.63
0.24 0.84 0.58 0.74 0.42 0.89 0.79 0.53 0.76 0.21
10
0.155 0.417 0.175 0.330 0.689 0.777 0.010 0.631 0.883 0.913
0.097 0.825 0.369 0.340 0.495 0.806 0.262 0.029 0.301 0.427
10
0.09 0.34 0.32 0.45 0.43 0.23 0.11 0.17 0.06 0.13
0.60 0.79 0.89 0.47 0.64 0.83 0.49 0.77 0.70 0.96
4
0.42 0.85 0.08 0.62
0.23 0.96 0.69 0.50
10
0.94 0.72 0.39 0.89 0.99 0.93 0.55 0.78 0.82 0.54
0.06 0.10 0.13 0.03 0.32 0.18 0.17 0.30 0.21 0.02
3
0.68 0.40 0.32
0.56 0.84 0.88
10
0.49 0.57 0.22 0.26 0.01 0.77 0.51 0.78 0.89 0.09
0.85 0.04 0.92 0.34 0.14 0.20 0.17 0.35 0.87 0.86
10
0.97 0.92 0.99 0.76 0.57 0.62 0.83 0.96 0.72 0.82
0.42 0.12 0.38 0.13 0.55 0.29 0.08 0.46 0.22 0.45