2000 -1 0 5 3
14 30
73 33
77 98
20 25
57 94
4 63
85 60
89 69
12 33
55 52
52 95
52 71
31 86
51 11
3 35
57 61
52 78
23 84
18 86
83 86
30 8
33 30
84 99
76 60
95 81
52 89
4 40
12 86
12 76
57 34
43 100
12 68
5 86
23 88
81 55
85 37
71 10
70 31
10 86
30 55
23 93
29 49
12 26
19 72
97 21
36 10
96 78
94 71
47 4
63 48
10 32
31 5
66 85
60 96
65 47
52 23
62 98
56 49
44 26
77 63
8 60
72 68
37 66
29 71
22 62
35 35
37 3
27 79
11 53
3 79
44 99
36 70
6 98
18 64
69 24
66 92
56 9
5 40
89 5
55 1
87 78
2 17
88 57
6 25
35 91
86 99
36 77
5 47
91 63
20 54
28 36
40 90
18 27
77 8
5 83
66 96
56 84
18 11
88 52
80 3
7 35
1 11
42 13
84 43
48 29
56 22
64 91
86 98
36 2
19 49
71 35
15 94
44 69
8 74
80 43
26 6
44 15
29 43
25 43
77 71
40 43
9 45
63 32
82 3
82 42
50 3
64 72
66 13
59 19
9 69
21 59
61 75
29 64
66 8
49 47
28 65
73 92
12 52
53 14
6 87
64 68
95 11
39 65
91 26
27 99
73 43
33 53
42 61
42 44
43 42
96 56
29 97
72 68
14 88
63 42
7 35
100 80
37 65
50 76
23 56
3 1
99 37
98 30
84 27
41 53
49 10
88 44
96 24
62 26
53 98
70 40
94 45
78 72
31 10
47 34
51 18
58 93
12 32
82 44
10 83
20 66
13 71
29 88
13 9
89 67
93 66
30 77
39 31
55 4
70 6
46 14
32 65
46 49
6 21
96 60
66 43
66 3
55 94
16 30
9 95
85 61
4 19
36 79
76 44
92 69
51 25
89 39
48 38
34 69
13 68
38 93
92 80
44 14
65 45
16 60
14 14
82 20
76 32
39 85
4 73
17 32
64 62
66 71
25 53
21 16
64 100
28 11
35 12
36 57
30 86
22 75
77 14
13 32
64 1
5 11
71 99
10 9
36 82
60 5
30 5
45 55
69 81
75 41
85 82
19 62
75 81
48 38
58 15
6 51
85 69
15 93
65 7
65 62
32 66
31 93
66 59
80 67
52 18
83 80
3 87
12 36
50 60
77 20
71 59
51 51
48 13
9 70
4 38
1 30
19 26
67 86
8 86
43 4
76 44
43 34
51 10
84 64
77 9
98 14
34 62
99 66
45 63
6 16
30 53
92 46
8 17
21 4
3 37
79 44
47 64
70 28
100 31
4 35
75 20
39 2
70 50
56 65
73 6
7 90
2 69
56 15
97 14
37 52
38 67
68 48
29 93
71 4
61 59
67 59
30 38
9 1
54 94
79 9
2 39
32 7
68 68
88 54
2 32
67 59
4 4
63 55
41 17
22 59
70 74
92 29
44 44
90 48
1 61
89 76
88 72
29 74
18 47
70 99
64 48
38 37
19 38
50 52
14 79
11 35
66 59
25 13
6 66
83 10
67 30
75 9
68 1
61 27
48 23
90 2
72 85
6 19
81 79
56 23
88 100
65 90
78 28
44 69
87 16
38 100
47 22
82 20
61 43
7 67
20 9
40 48
60 97
65 28
18 71
10 92
58 17
42 65
60 49
13 4
40 17
4 52
50 88
29 4
28 20
50 4
19 57
75 51
50 9
62 37
39 45
86 8
9 42
42 99
83 50
10 32
83 8
68 84
59 35
91 56
70 17
83 100
7 87
39 72
97 13
9 67
26 23
81 53
19 72
51 8
9 65
56 72
42 41
47 92
91 80
86 67
10 14
29 65
62 64
73 52
2 98
50 67
69 6
8 39
21 51
34 26
83 95
68 53
32 35
5 64
16 18
98 75
87 81
12 82
65 40
82 53
95 69
38 48
84 15
38 6
90 76
43 17
33 37
12 66
74 97
45 1
13 43
74 62
41 14
20 89
35 25
52 39
75 55
39 16
53 82
28 72
25 51
65 15
87 3
63 54
60 52
95 36
12 20
81 25
37 38
44 63
35 80
58 20
20 75
17 88
86 96
56 45
39 41
5 3
49 44
84 19
96 53
4 50
5 80
36 63
29 39
55 84
64 41
94 6
71 75
43 34
40 57
12 10
52 91
60 24
6 83
93 56
52 26
3 98
1 32
24 26
30 7
63 80
52 8
52 50
23 61
44 85
94 55
47 30
4 27
53 44
44 79
82 88
88 27
38 45
9 24
84 32
5 65
46 74
68 52
84 100
66 48
69 50
40 89
82 48
60 67
14 42
70 94
69 85
52 38
4 35
85 87
6 97
17 27
10 81
61 95
3 5
81 96
28 32
35 95
99 44
15 69
43 80
68 28
48 99
61 29
92 45
87 30
32 14
50 22
17 43
52 10
32 44
58 83
10 69
72 88
17 91
100 27
78 54
65 16
19 18
49 36
4 20
14 18
4 47
64 72
88 8
2 27
39 25
40 11
30 29
66 64
14 74
14 5
62 3
74 30
56 66
9 13
55 12
95 82
57 100
38 98
51 93
36 45
58 3
1 43
70 99
84 28
47 96
43 69
90 57
37 45
70 43
17 81
35 43
46 13
87 95
85 32
100 4
18 14
74 4
35 99
93 7
63 51
56 1
40 82
93 81
1 35
36 78
95 8
55 83
48 34
85 35
38 53
70 42
39 56
87 75
92 38
68 15
67 80
33 54
73 96
34 76
97 95
33 13
39 92
54 78
51 62
14 21
86 95
61 58
51 15
21 16
93 58
58 32
56 22
30 76
85 22
48 68
23 16
7 54
61 47
54 41
33 16
74 48
14 15
74 84
79 31
25 54
44 45
67 78
77 97
28 96
79 5
48 95
37 82
32 93
48 20
33 76
28 71
19 67
89 26
67 62
91 9
82 85
34 58
35 36
43 96
69 87
68 87
29 67
34 71
76 80
14 72
55 43
100 94
71 52
61 82
17 61
80 25
94 59
70 96
60 66
41 15
68 25
75 88
23 22
85 5
24 5
63 59
58 53
6 18
100 3
97 92
59 91
91 32
11 44
35 54
62 7
40 34
78 23
4 70
8 42
13 42
51 24
78 53
2 77
32 16
63 73
82 70
26 80
87 64
48 90
49 74
7 89
10 22
3 25
100 99
89 93
2 75
18 43
37 98
53 5
51 54
56 13
47 89
78 61
17 60
74 95
28 33
83 79
18 83
3 86
1 81
60 24
37 75
33 12
72 27
44 62
37 59
25 84
26 74
24 3
35 96
84 85
41 63
46 29
92 59
55 36
65 15
53 64
33 66
12 18
40 40
95 57
61 93
26 73
23 94
11 6
86 88
11 4
47 56
31 27
43 58
23 27
29 74
47 18
30 52
73 33
47 62
16 10
99 14
81 95
16 89
56 66
21 57
19 5
89 67
44 87
87 19
10 19
62 15
94 94
6 1
86 92
33 65
39 68
26 53
11 54
94 100
52 43
43 91
6 95
7 32
8 9
31 70
39 20
47 66
82 92
39 28
58 57
72 71
47 83
9 99
90 92
25 88
97 30
95 46
13 77
87 57
54 30
12 51
36 53
41 13
58 4
66 23
19 72
52 96
88 99
84 92
99 37
58 66
26 84
47 69
79 50
11 36
35 74
90 86
91 38
25 6
93 45
87 60
85 24
9 99
69 26
70 48
29 65
53 81
64 66
60 75
31 8
44 65
55 98
49 35
41 71
50 3
4 88
64 86
26 34
45 22
94 48
1 81
33 84
77 77
51 87
42 93
22 76
25 98
76 94
29 65
56 89
58 36
34 48
47 6
82 46
7 19
91 94
64 47
4 73
82 33
7 10
15 20
44 79
64 66
72 86
67 72
58 72
4 89
90 2
88 60
10 76
76 24
70 12
11 8
38 1
78 13
19 87
56 85
13 50
22 55
21 73
97 20
97 47
11 15
69 53
87 71
65 57
29 1
36 17
3 68
42 44
18 20
3 60
95 22
36 22
23 92
73 90
24 62
73 91
47 50
99 63
43 59
14 82
73 94
59 26
47 17
41 81
96 33
43 70
88 45
76 46
51 11
30 79
80 67
30 88
55 43
41 100
92 99
40 70
46 79
55 53
20 62
18 52
16 81
54 59
11 79
7 32
61 29
78 6
24 25
71 81
29 21
65 35
38 71
37 94
91 80
99 56
93 61
70 12
60 92
18 70
83 41
20 23
99 74
17 8
23 25
100 11
80 46
22 81
92 68
55 79
26 91
65 79
25 22
46 73
68 33
38 74
91 59
50 36
22 2
34 45
91 57
84 15
36 83
40 41
69 88
58 89
61 24
68 61
18 97
86 76
69 98
100 95
32 24
94 1
16 74
100 1
35 30
1 19
26 2
19 49
79 41
34 1
49 92
93 72
6 7
41 65
43 28
55 95
71 98
38 91
58 54
38 63
34 7
5 41
22 78
33 81
39 30
74 99
44 58
40 89
82 12
36 13
94 14
59 38
26 3
42 29
53 45
88 4
88 95
52 51
12 73
61 14
37 87
77 91
39 88
93 52
29 28
63 56
40 82
45 62
2 95
94 77
70 5
2 54
87 99
51 51
100 11
7 2
72 66
39 14
23 70
66 99
93 26
25 37
44 81
7 15
65 99
28 35
4 39
77 9
41 86
61 39
23 95
45 22
27 11
98 16
69 48
32 69
34 2
88 76
46 53
55 22
89 28
31 18
25 47
69 91
82 61
82 78
2 67
65 75
63 88
25 71
98 72
51 79
43 96
65 97
100 4
18 45
5 82
76 26
98 95
15 25
73 30
29 52
77 27
80 23
87 80
89 40
32 63
100 55
5 82
32 67
14 57
70 44
40 34
79 71
14 59
84 95
78 81
56 23
78 70
77 65
97 73
25 3
63 21
77 24
77 4
14 63
82 98
81 48
66 95
91 83
72 86
47 90
62 48
38 90
80 47
23 43
28 67
71 71
15 42
100 2
59 14
97 28
5 86
33 82
39 56
33 4
7 87
79 65
80 4
25 2
46 89
1 28
12 35
9 5
20 3
90 9
83 8
15 43
99 39
100 40
93 69
66 99
2 95
22 46
1 95
59 18
41 65
53 76
88 87
52 44
46 23
71 37
42 1
15 4
31 98
48 99
46 27
20 61
75 51
52 69
58 82
46 2
39 97
87 92
42 71
93 23
56 26
20 84
89 26
13 35
29 20
79 35
66 53
34 23
81 5
59 36
83 73
16 75
80 44
81 23
11 46
19 11
28 32
99 17
83 95
71 12
16 25
76 95
30 84
52 38
31 100
98 34
49 93
37 93
13 15
38 93
50 24
52 50
37 64
35 4
52 55
91 43
89 61
97 98
73 7
83 46
79 61
45 19
45 39
2 94
91 71
70 24
98 60
10 45
74 18
82 40
29 59
72 71
85 99
37 79
81 33
60 30
49 57
65 97
31 76
23 34
82 6
75 62
68 27
94 67
36 86
25 95
24 98
27 54
41 77
85 6
72 30
60 49
4 37
21 95
5 78
87 70
61 8
1 2
49 33
99 98
62 27
99 35
56 12
72 1
60 13
74 95
96 70
59 54
72 81
27 42
87 57
41 62
25 22
22 24
10 48
96 60
43 74
68 23
76 1
48 65
4 42
35 65
8 47
48 2
75 40
15 46
87 9
21 58
1 33
61 50
90 46
100 27
54 84
23 61
71 31
93 6
24 55
97 61
96 68
100 63
18 58
40 74
47 80
20 93
41 43
100 63
33 60
58 30
81 1
83 44
30 53
63 99
10 57
40 89
12 82
44 80
73 18
26 58
74 38
70 62
6 78
29 5
47 94
30 6
91 11
55 71
68 94
18 1
26 85
75 89
16 17
27 51
24 100
64 52
45 83
8 73
35 40
73 94
89 31
94 49
9 79
33 56
47 68
25 41
96 97
7 86
59 85
56 43
89 72
8 94
64 85
26 6
45 27
90 75
88 44
29 4
87 24
46 4
78 59
21 44
54 2
69 98
36 47
95 44
74 12
3 24
48 10
90 12
98 95
7 27
17 40
86 62
51 78
1 23
10 56
91 55
67 58
76 60
81 36
37 14
12 65
3 91
51 19
16 54
38 89
54 21
51 79
24 99
35 5
52 91
6 24
49 70
24 90
43 64
20 5
90 1
88 46
87 24
83 57
14 85
14 12
53 57
98 90
67 66
49 6
66 51
15 28
94 25
96 85
62 8
6 29
11 70
41 89
32 59
93 84
41 75
85 53
77 6
31 43
84 56
59 76
35 71
37 42
30 11
36 23
29 13
40 42
80 3
24 89
65 3
1 95
22 61
5 66
63 88
50 62
68 39
66 91
36 77
33 38
35 66
35 64
5 56
94 8
32 87
76 46
68 43
20 54
74 95
3 23
71 44
24 82
88 29
43 51
23 92
33 100
57 17
34 64
47 10
73 82
25 44
18 82
94 22
17 44
83 72
23 21
75 62
53 88
61 33
89 45
3 60
36 3
21 10
91 94
17 9
5 49
31 9
34 56
30 65
95 24
45 5
78 68
84 37
11 76
99 58
28 26
19 5
82 100
34 3
45 45
6 84
55 57
29 42
69 92
45 9
70 53
36 69
54 98
55 7
4 74
93 24
8 6
72 37
83 12
77 66
99 96
29 61
32 42
85 59
49 100
31 87
26 2
1 27
8 58
68 17
1 59
28 50
8 64
54 66
57 89
40 77
52 69
14 7
38 48
12 62
2 48
79 62
60 53
30 1
30 67
51 98
97 17
41 34
42 38
20 26
19 70
97 37
58 82
81 42
85 18
85 89
87 74
62 43
12 63
3 86
79 8
47 92
67 98
72 36
79 35
67 94
24 33
5 87
9 25
66 79
62 96
71 100
46 52
30 50
35 60
11 68
68 76
58 98
98 14
13 51
77 15
79 16
45 47
64 73
92 83
18 14
12 33
8 57
36 61
50 67
49 65
36 5
62 38
16 63
60 80
91 6
24 39
32 19
14 1
45 30
2 53
66 96
18 46
32 55
71 83
57 47
6 4
97 64
2 3
35 67
97 18
67 6
19 50
50 29
70 32
90 73
10 65
5 39
90 11
65 19
9 43
13 96
88 47
78 90
11 71
26 9
12 67
67 82
98 47
66 12
17 30
17 20
50 8
62 4
85 32
16 1
71 23
35 99
57 38
2 67
36 26
13 59
72 55
95 25
93 52
55 62
75 54
88 78
71 73
54 67
70 34
75 48
17 38
60 88
50 31
73 75
24 23
82 46
66 93
66 71
6 22
20 100
2 98
30 98
19 59
66 53
9 94
79 55
37 68
77 48
4 88
8 70
51 83
66 96
79 76
75 50
49 83
96 96
57 39
42 83
76 91
10 43
68 7
78 90
49 28
90 80
56 4
27 41
22 22
43 88
56 3
89 14
59 76
23 86
43 92
49 94
72 27
16 74
39 5
48 82
85 13
92 99
67 73
70 95
55 56
72 48
15 94
99 51
20 68
92 38
8 79
25 27
21 14
35 58
26 35
19 25
66 26
13 96
41 19
69 30
40 86
53 88
97 2
7 31
2 88
48 2
30 52
30 10
87 51
53 93
67 58
52 54
60 97
56 80
54 54
64 32
62 70
35 24
49 38
19 87
30 29
85 60
78 78
100 6
91 72
53 89
39 34
16 2
2 64
88 94
73 27
84 9
7 58
75 42
40 94
81 97
48 83
13 87
100 34
74 21
24 9
56 92
75 23
40 56
89 73
49 1
81 58
18 72
82 48
98 17
42 47
8 26
39 92
83 30
93 67
95 30
4 88
14 26
19 84
57 9
45 73
73 90
28 47
95 30
17 30
72 73
7 61
71 78
30 22
53 82
56 85
36 94
65 8
58 14
46 84
48 76
54 54
13 68
95 3
38 55
40 90
9 26
31 42
15 60
56 79
26 51
71 82
43 58
63 63
68 47
75 58
13 8
6 57
23 45
7 41
100 70
5 100
78 90
39 1
36 37
78 80
73 7
31 20
27 69
96 17
43 42
81 15
67 33
61 40
68 58
10 47
62 81
95 76
59 71
87 98
23 47
85 41
56 17
39 92
91 63
69 43
94 85
52 51
51 40
100 31
12 9
69 25
23 58
72 60
26 52
25 21
80 100
23 38
99 52
54 73
70 30
28 9
68 1
1 73
84 53
72 17
87 11
19 21
23 38
59 23
60 56
47 18
72 15
51 19
26 96
88 67
55 55
97 89
81 23
54 3
9 33
81 54
95 57
61 78
49 70
8 10
35 4
54 13
34 70
12 50
31 18
39 2
20 59
3 78
32 52
70 45
51 44
32 15
62 21
93 11
6 65
44 51
52 3
68 4
89 91
27 59
91 85
62 51
72 47
60 67
76 36
37 72
95 67
77 47
88 86
8 17
46 93
1 43
67 87
38 99
69 70
85 5
94 51
13 42
59 50
32 36
16 49
22 44
15 39
63 22
34 71
3 23
9 66
18 44
20 13
88 51
16 91
85 61
60 3
22 99
25 100
6 47
92 75
7 64
52 68
64 49
60 90
24 39
20 85
72 85
18 48
77 99
44 43
20 1
12 96
23 62
7 19
21 2
25 36
43 76
20 30
2 97
35 29
100 65
13 30
54 54
2 87
90 1
67 44
49 42
39 15
49 12
95 93
28 96
62 79
4 35
9 8
15 14
88 10
22 14
38 97
17 14
86 1
28 53
45 2
50 70
64 42
72 60
53 95
97 97
14 31
15 76
80 46
6 5
96 47
98 52
98 91
7 33
54 73
34 5
38 69
54 50
7 32
45 37
85 1
32 21
18 82
7 62
79 44
41 98
60 25
73 1
22 23
21 83
90 71
10 34
41 29
85 62
16 93
73 36
43 27
54 59
65 39
12 96
10 43
52 68
22 65
24 43
45 63
26 92
38 59
36 74
19 28
57 15
100 46
70 86
69 13
4 13
69 58
50 86
58 50
73 66
9 90
83 8
