100
6 0000401
5 800001
6 0000051
6 5540001
6 2076008
5 000001
6 5610111
6 2001001
4 80007
4 22201
1 01
3 0006
5 705294
6 1122021
3 0001
6 0900078
6 4000901
6 4000001
6 1111111
1 11
0 1
0 1
5 705734
4 11111
6 0005301
6 1112011
4 83498
4 50001
2 122
0 1
6 6000001
6 2111021
6 1680041
0 1
4 00011
3 6801
6 1112002
6 4428006
4 11111
6 8487639
6 2210011
1 09
3 2122
0 1
6 0400001
6 0008901
4 36291
6 9781762
6 0005001
1 97
5 110011
6 1122111
6 0000071
6 1120122
6 1200222
6 7550475
6 0000001
0 6
4 00019
6 0100001
6 6080008
6 0030604
0 1
4 20171
6 9768279
0 1
6 2021102
2 001
6 8030001
1 01
1 91
6 0000082
6 0000001
0 1
4 21021
6 1800401
6 4373479
6 1810001
6 1010112
6 2649803
0 1
1 01
2 405
6 8880468
6 1807001
6 9999999
1 74
6 2020221
5 918941
6 7384001
6 0000001
6 5000001
6 6464448
4 50031
3 6001
1 01
6 9000041
6 0400001
6 0022201
6 8000005
