()
(2,)
(3,)
(5,)
(6,)
(7,)
(10,)
(11,)
(13,)
(14,)
(15,)
(17,)
(19,)
(21,)
(22,)
(23,)
(26,)
(29,)
(30,)
(2, 3)
(2, 5)
(2, 7)
(2, 11)
(2, 13)
(2, 15)
(2, 17)
(2, 19)
(2, 21)
(2, 23)
(2, 29)
(3, 5)
(3, 7)
(3, 10)
(3, 11)
(3, 13)
(3, 14)
(3, 17)
(3, 19)
(3, 22)
(3, 23)
(3, 26)
(3, 29)
(5, 6)
(5, 7)
(5, 11)
(5, 13)
(5, 14)
(5, 17)
(5, 19)
(5, 21)
(5, 22)
(5, 23)
(5, 26)
(5, 29)
(6, 7)
(6, 11)
(6, 13)
(6, 17)
(6, 19)
(6, 23)
(6, 29)
(7, 10)
(7, 11)
(7, 13)
(7, 15)
(7, 17)
(7, 19)
(7, 22)
(7, 23)
(7, 26)
(7, 29)
(7, 30)
(10, 11)
(10, 13)
(10, 17)
(10, 19)
(10, 21)
(10, 23)
(10, 29)
(11, 13)
(11, 14)
(11, 15)
(11, 17)
(11, 19)
(11, 21)
(11, 23)
(11, 26)
(11, 29)
(11, 30)
(13, 14)
(13, 15)
(13, 17)
(13, 19)
(13, 21)
(13, 22)
(13, 23)
(13, 29)
(13, 30)
(14, 15)
(14, 17)
(14, 19)
(14, 23)
(14, 29)
(15, 17)
(15, 19)
(15, 22)
(15, 23)
(15, 26)
(15, 29)
(17, 19)
(17, 21)
(17, 22)
(17, 23)
(17, 26)
(17, 29)
(17, 30)
(19, 21)
(19, 22)
(19, 23)
(19, 26)
(19, 29)
(19, 30)
(21, 22)
(21, 23)
(21, 26)
(21, 29)
(22, 23)
(22, 29)
(23, 26)
(23, 29)
(23, 30)
(26, 29)
(29, 30)
(2, 3, 5)
(2, 3, 7)
(2, 3, 11)
(2, 3, 13)
(2, 3, 17)
(2, 3, 19)
(2, 3, 23)
(2, 3, 29)
(2, 5, 7)
(2, 5, 11)
(2, 5, 13)
(2, 5, 17)
(2, 5, 19)
(2, 5, 21)
(2, 5, 23)
(2, 5, 29)
(2, 7, 11)
(2, 7, 13)
(2, 7, 15)
(2, 7, 17)
(2, 7, 19)
(2, 7, 23)
(2, 7, 29)
(2, 11, 13)
(2, 11, 15)
(2, 11, 17)
(2, 11, 19)
(2, 11, 21)
(2, 11, 23)
(2, 11, 29)
(2, 13, 15)
(2, 13, 17)
(2, 13, 19)
(2, 13, 21)
(2, 13, 23)
(2, 13, 29)
(2, 15, 17)
(2, 15, 19)
(2, 15, 23)
(2, 15, 29)
(2, 17, 19)
(2, 17, 21)
(2, 17, 23)
(2, 17, 29)
(2, 19, 21)
(2, 19, 23)
(2, 19, 29)
(2, 21, 23)
(2, 21, 29)
(2, 23, 29)
(3, 5, 7)
(3, 5, 11)
(3, 5, 13)
(3, 5, 14)
(3, 5, 17)
(3, 5, 19)
(3, 5, 22)
(3, 5, 23)
(3, 5, 26)
(3, 5, 29)
(3, 7, 10)
(3, 7, 11)
(3, 7, 13)
(3, 7, 17)
(3, 7, 19)
(3, 7, 22)
(3, 7, 23)
(3, 7, 26)
(3, 7, 29)
(3, 10, 11)
(3, 10, 13)
(3, 10, 17)
(3, 10, 19)
(3, 10, 23)
(3, 10, 29)
(3, 11, 13)
(3, 11, 14)
(3, 11, 17)
(3, 11, 19)
(3, 11, 23)
(3, 11, 26)
(3, 11, 29)
(3, 13, 14)
(3, 13, 17)
(3, 13, 19)
(3, 13, 22)
(3, 13, 23)
(3, 13, 29)
(3, 14, 17)
(3, 14, 19)
(3, 14, 23)
(3, 14, 29)
(3, 17, 19)
(3, 17, 22)
(3, 17, 23)
(3, 17, 26)
(3, 17, 29)
(3, 19, 22)
(3, 19, 23)
(3, 19, 26)
(3, 19, 29)
(3, 22, 23)
(3, 22, 29)
(3, 23, 26)
(3, 23, 29)
(3, 26, 29)
(5, 6, 7)
(5, 6, 11)
(5, 6, 13)
(5, 6, 17)
(5, 6, 19)
(5, 6, 23)
(5, 6, 29)
(5, 7, 11)
(5, 7, 13)
(5, 7, 17)
(5, 7, 19)
(5, 7, 22)
(5, 7, 23)
(5, 7, 26)
(5, 7, 29)
(5, 11, 13)
(5, 11, 14)
(5, 11, 17)
(5, 11, 19)
(5, 11, 21)
(5, 11, 23)
(5, 11, 26)
(5, 11, 29)
(5, 13, 14)
(5, 13, 17)
(5, 13, 19)
(5, 13, 21)
(5, 13, 22)
(5, 13, 23)
(5, 13, 29)
(5, 14, 17)
(5, 14, 19)
(5, 14, 23)
(5, 14, 29)
(5, 17, 19)
(5, 17, 21)
(5, 17, 22)
(5, 17, 23)
(5, 17, 26)
(5, 17, 29)
(5, 19, 21)
(5, 19, 22)
(5, 19, 23)
(5, 19, 26)
(5, 19, 29)
(5, 21, 22)
(5, 21, 23)
(5, 21, 26)
(5, 21, 29)
(5, 22, 23)
(5, 22, 29)
(5, 23, 26)
(5, 23, 29)
(5, 26, 29)
(6, 7, 11)
(6, 7, 13)
(6, 7, 17)
(6, 7, 19)
(6, 7, 23)
(6, 7, 29)
(6, 11, 13)
(6, 11, 17)
(6, 11, 19)
(6, 11, 23)
(6, 11, 29)
(6, 13, 17)
(6, 13, 19)
(6, 13, 23)
(6, 13, 29)
(6, 17, 19)
(6, 17, 23)
(6, 17, 29)
(6, 19, 23)
(6, 19, 29)
(6, 23, 29)
(7, 10, 11)
(7, 10, 13)
(7, 10, 17)
(7, 10, 19)
(7, 10, 23)
(7, 10, 29)
(7, 11, 13)
(7, 11, 15)
(7, 11, 17)
(7, 11, 19)
(7, 11, 23)
(7, 11, 26)
(7, 11, 29)
(7, 11, 30)
(7, 13, 15)
(7, 13, 17)
(7, 13, 19)
(7, 13, 22)
(7, 13, 23)
(7, 13, 29)
(7, 13, 30)
(7, 15, 17)
(7, 15, 19)
(7, 15, 22)
(7, 15, 23)
(7, 15, 26)
(7, 15, 29)
(7, 17, 19)
(7, 17, 22)
(7, 17, 23)
(7, 17, 26)
(7, 17, 29)
(7, 17, 30)
(7, 19, 22)
(7, 19, 23)
(7, 19, 26)
(7, 19, 29)
(7, 19, 30)
(7, 22, 23)
(7, 22, 29)
(7, 23, 26)
(7, 23, 29)
(7, 23, 30)
(7, 26, 29)
(7, 29, 30)
(10, 11, 13)
(10, 11, 17)
(10, 11, 19)
(10, 11, 21)
(10, 11, 23)
(10, 11, 29)
(10, 13, 17)
(10, 13, 19)
(10, 13, 21)
(10, 13, 23)
(10, 13, 29)
(10, 17, 19)
(10, 17, 21)
(10, 17, 23)
(10, 17, 29)
(10, 19, 21)
(10, 19, 23)
(10, 19, 29)
(10, 21, 23)
(10, 21, 29)
(10, 23, 29)
(11, 13, 14)
(11, 13, 15)
(11, 13, 17)
(11, 13, 19)
(11, 13, 21)
(11, 13, 23)
(11, 13, 29)
(11, 13, 30)
(11, 14, 15)
(11, 14, 17)
(11, 14, 19)
(11, 14, 23)
(11, 14, 29)
(11, 15, 17)
(11, 15, 19)
(11, 15, 23)
(11, 15, 26)
(11, 15, 29)
(11, 17, 19)
(11, 17, 21)
(11, 17, 23)
(11, 17, 26)
(11, 17, 29)
(11, 17, 30)
(11, 19, 21)
(11, 19, 23)
(11, 19, 26)
(11, 19, 29)
(11, 19, 30)
(11, 21, 23)
(11, 21, 26)
(11, 21, 29)
(11, 23, 26)
(11, 23, 29)
(11, 23, 30)
(11, 26, 29)
(11, 29, 30)
(13, 14, 15)
(13, 14, 17)
(13, 14, 19)
(13, 14, 23)
(13, 14, 29)
(13, 15, 17)
(13, 15, 19)
(13, 15, 22)
(13, 15, 23)
(13, 15, 29)
(13, 17, 19)
(13, 17, 21)
(13, 17, 22)
(13, 17, 23)
(13, 17, 29)
(13, 17, 30)
(13, 19, 21)
(13, 19, 22)
(13, 19, 23)
(13, 19, 29)
(13, 19, 30)
(13, 21, 22)
(13, 21, 23)
(13, 21, 29)
(13, 22, 23)
(13, 22, 29)
(13, 23, 29)
(13, 23, 30)
(13, 29, 30)
(14, 15, 17)
(14, 15, 19)
(14, 15, 23)
(14, 15, 29)
(14, 17, 19)
(14, 17, 23)
(14, 17, 29)
(14, 19, 23)
(14, 19, 29)
(14, 23, 29)
(15, 17, 19)
(15, 17, 22)
(15, 17, 23)
(15, 17, 26)
(15, 17, 29)
(15, 19, 22)
(15, 19, 23)
(15, 19, 26)
(15, 19, 29)
(15, 22, 23)
(15, 22, 29)
(15, 23, 26)
(15, 23, 29)
(15, 26, 29)
(17, 19, 21)
(17, 19, 22)
(17, 19, 23)
(17, 19, 26)
(17, 19, 29)
(17, 19, 30)
(17, 21, 22)
(17, 21, 23)
(17, 21, 26)
(17, 21, 29)
(17, 22, 23)
(17, 22, 29)
(17, 23, 26)
(17, 23, 29)
(17, 23, 30)
(17, 26, 29)
(17, 29, 30)
(19, 21, 22)
(19, 21, 23)
(19, 21, 26)
(19, 21, 29)
(19, 22, 23)
(19, 22, 29)
(19, 23, 26)
(19, 23, 29)
(19, 23, 30)
(19, 26, 29)
(19, 29, 30)
(21, 22, 23)
(21, 22, 29)
(21, 23, 26)
(21, 23, 29)
(21, 26, 29)
(22, 23, 29)
(23, 26, 29)
(23, 29, 30)
(2, 3, 5, 7)
(2, 3, 5, 11)
(2, 3, 5, 13)
(2, 3, 5, 17)
(2, 3, 5, 19)
(2, 3, 5, 23)
(2, 3, 5, 29)
(2, 3, 7, 11)
(2, 3, 7, 13)
(2, 3, 7, 17)
(2, 3, 7, 19)
(2, 3, 7, 23)
(2, 3, 7, 29)
(2, 3, 11, 13)
(2, 3, 11, 17)
(2, 3, 11, 19)
(2, 3, 11, 23)
(2, 3, 11, 29)
(2, 3, 13, 17)
(2, 3, 13, 19)
(2, 3, 13, 23)
(2, 3, 13, 29)
(2, 3, 17, 19)
(2, 3, 17, 23)
(2, 3, 17, 29)
(2, 3, 19, 23)
(2, 3, 19, 29)
(2, 3, 23, 29)
(2, 5, 7, 11)
(2, 5, 7, 13)
(2, 5, 7, 17)
(2, 5, 7, 19)
(2, 5, 7, 23)
(2, 5, 7, 29)
(2, 5, 11, 13)
(2, 5, 11, 17)
(2, 5, 11, 19)
(2, 5, 11, 21)
(2, 5, 11, 23)
(2, 5, 11, 29)
(2, 5, 13, 17)
(2, 5, 13, 19)
(2, 5, 13, 21)
(2, 5, 13, 23)
(2, 5, 13, 29)
(2, 5, 17, 19)
(2, 5, 17, 21)
(2, 5, 17, 23)
(2, 5, 17, 29)
(2, 5, 19, 21)
(2, 5, 19, 23)
(2, 5, 19, 29)
(2, 5, 21, 23)
(2, 5, 21, 29)
(2, 5, 23, 29)
(2, 7, 11, 13)
(2, 7, 11, 15)
(2, 7, 11, 17)
(2, 7, 11, 19)
(2, 7, 11, 23)
(2, 7, 11, 29)
(2, 7, 13, 15)
(2, 7, 13, 17)
(2, 7, 13, 19)
(2, 7, 13, 23)
(2, 7, 13, 29)
(2, 7, 15, 17)
(2, 7, 15, 19)
(2, 7, 15, 23)
(2, 7, 15, 29)
(2, 7, 17, 19)
(2, 7, 17, 23)
(2, 7, 17, 29)
(2, 7, 19, 23)
(2, 7, 19, 29)
(2, 7, 23, 29)
(2, 11, 13, 15)
(2, 11, 13, 17)
(2, 11, 13, 19)
(2, 11, 13, 21)
(2, 11, 13, 23)
(2, 11, 13, 29)
(2, 11, 15, 17)
(2, 11, 15, 19)
(2, 11, 15, 23)
(2, 11, 15, 29)
(2, 11, 17, 19)
(2, 11, 17, 21)
(2, 11, 17, 23)
(2, 11, 17, 29)
(2, 11, 19, 21)
(2, 11, 19, 23)
(2, 11, 19, 29)
(2, 11, 21, 23)
(2, 11, 21, 29)
(2, 11, 23, 29)
(2, 13, 15, 17)
(2, 13, 15, 19)
(2, 13, 15, 23)
(2, 13, 15, 29)
(2, 13, 17, 19)
(2, 13, 17, 21)
(2, 13, 17, 23)
(2, 13, 17, 29)
(2, 13, 19, 21)
(2, 13, 19, 23)
(2, 13, 19, 29)
(2, 13, 21, 23)
(2, 13, 21, 29)
(2, 13, 23, 29)
(2, 15, 17, 19)
(2, 15, 17, 23)
(2, 15, 17, 29)
(2, 15, 19, 23)
(2, 15, 19, 29)
(2, 15, 23, 29)
(2, 17, 19, 21)
(2, 17, 19, 23)
(2, 17, 19, 29)
(2, 17, 21, 23)
(2, 17, 21, 29)
(2, 17, 23, 29)
(2, 19, 21, 23)
(2, 19, 21, 29)
(2, 19, 23, 29)
(2, 21, 23, 29)
(3, 5, 7, 11)
(3, 5, 7, 13)
(3, 5, 7, 17)
(3, 5, 7, 19)
(3, 5, 7, 22)
(3, 5, 7, 23)
(3, 5, 7, 26)
(3, 5, 7, 29)
(3, 5, 11, 13)
(3, 5, 11, 14)
(3, 5, 11, 17)
(3, 5, 11, 19)
(3, 5, 11, 23)
(3, 5, 11, 26)
(3, 5, 11, 29)
(3, 5, 13, 14)
(3, 5, 13, 17)
(3, 5, 13, 19)
(3, 5, 13, 22)
(3, 5, 13, 23)
(3, 5, 13, 29)
(3, 5, 14, 17)
(3, 5, 14, 19)
(3, 5, 14, 23)
(3, 5, 14, 29)
(3, 5, 17, 19)
(3, 5, 17, 22)
(3, 5, 17, 23)
(3, 5, 17, 26)
(3, 5, 17, 29)
(3, 5, 19, 22)
(3, 5, 19, 23)
(3, 5, 19, 26)
(3, 5, 19, 29)
(3, 5, 22, 23)
(3, 5, 22, 29)
(3, 5, 23, 26)
(3, 5, 23, 29)
(3, 5, 26, 29)
(3, 7, 10, 11)
(3, 7, 10, 13)
(3, 7, 10, 17)
(3, 7, 10, 19)
(3, 7, 10, 23)
(3, 7, 10, 29)
(3, 7, 11, 13)
(3, 7, 11, 17)
(3, 7, 11, 19)
(3, 7, 11, 23)
(3, 7, 11, 26)
(3, 7, 11, 29)
(3, 7, 13, 17)
(3, 7, 13, 19)
(3, 7, 13, 22)
(3, 7, 13, 23)
(3, 7, 13, 29)
(3, 7, 17, 19)
(3, 7, 17, 22)
(3, 7, 17, 23)
(3, 7, 17, 26)
(3, 7, 17, 29)
(3, 7, 19, 22)
(3, 7, 19, 23)
(3, 7, 19, 26)
(3, 7, 19, 29)
(3, 7, 22, 23)
(3, 7, 22, 29)
(3, 7, 23, 26)
(3, 7, 23, 29)
(3, 7, 26, 29)
(3, 10, 11, 13)
(3, 10, 11, 17)
(3, 10, 11, 19)
(3, 10, 11, 23)
(3, 10, 11, 29)
(3, 10, 13, 17)
(3, 10, 13, 19)
(3, 10, 13, 23)
(3, 10, 13, 29)
(3, 10, 17, 19)
(3, 10, 17, 23)
(3, 10, 17, 29)
(3, 10, 19, 23)
(3, 10, 19, 29)
(3, 10, 23, 29)
(3, 11, 13, 14)
(3, 11, 13, 17)
(3, 11, 13, 19)
(3, 11, 13, 23)
(3, 11, 13, 29)
(3, 11, 14, 17)
(3, 11, 14, 19)
(3, 11, 14, 23)
(3, 11, 14, 29)
(3, 11, 17, 19)
(3, 11, 17, 23)
(3, 11, 17, 26)
(3, 11, 17, 29)
(3, 11, 19, 23)
(3, 11, 19, 26)
(3, 11, 19, 29)
(3, 11, 23, 26)
(3, 11, 23, 29)
(3, 11, 26, 29)
(3, 13, 14, 17)
(3, 13, 14, 19)
(3, 13, 14, 23)
(3, 13, 14, 29)
(3, 13, 17, 19)
(3, 13, 17, 22)
(3, 13, 17, 23)
(3, 13, 17, 29)
(3, 13, 19, 22)
(3, 13, 19, 23)
(3, 13, 19, 29)
(3, 13, 22, 23)
(3, 13, 22, 29)
(3, 13, 23, 29)
(3, 14, 17, 19)
(3, 14, 17, 23)
(3, 14, 17, 29)
(3, 14, 19, 23)
(3, 14, 19, 29)
(3, 14, 23, 29)
(3, 17, 19, 22)
(3, 17, 19, 23)
(3, 17, 19, 26)
(3, 17, 19, 29)
(3, 17, 22, 23)
(3, 17, 22, 29)
(3, 17, 23, 26)
(3, 17, 23, 29)
(3, 17, 26, 29)
(3, 19, 22, 23)
(3, 19, 22, 29)
(3, 19, 23, 26)
(3, 19, 23, 29)
(3, 19, 26, 29)
(3, 22, 23, 29)
(3, 23, 26, 29)
(5, 6, 7, 11)
(5, 6, 7, 13)
(5, 6, 7, 17)
(5, 6, 7, 19)
(5, 6, 7, 23)
(5, 6, 7, 29)
(5, 6, 11, 13)
(5, 6, 11, 17)
(5, 6, 11, 19)
(5, 6, 11, 23)
(5, 6, 11, 29)
(5, 6, 13, 17)
(5, 6, 13, 19)
(5, 6, 13, 23)
(5, 6, 13, 29)
(5, 6, 17, 19)
(5, 6, 17, 23)
(5, 6, 17, 29)
(5, 6, 19, 23)
(5, 6, 19, 29)
(5, 6, 23, 29)
(5, 7, 11, 13)
(5, 7, 11, 17)
(5, 7, 11, 19)
(5, 7, 11, 23)
(5, 7, 11, 26)
(5, 7, 11, 29)
(5, 7, 13, 17)
(5, 7, 13, 19)
(5, 7, 13, 22)
(5, 7, 13, 23)
(5, 7, 13, 29)
(5, 7, 17, 19)
(5, 7, 17, 22)
(5, 7, 17, 23)
(5, 7, 17, 26)
(5, 7, 17, 29)
(5, 7, 19, 22)
(5, 7, 19, 23)
(5, 7, 19, 26)
(5, 7, 19, 29)
(5, 7, 22, 23)
(5, 7, 22, 29)
(5, 7, 23, 26)
(5, 7, 23, 29)
(5, 7, 26, 29)
(5, 11, 13, 14)
(5, 11, 13, 17)
(5, 11, 13, 19)
(5, 11, 13, 21)
(5, 11, 13, 23)
(5, 11, 13, 29)
(5, 11, 14, 17)
(5, 11, 14, 19)
(5, 11, 14, 23)
(5, 11, 14, 29)
(5, 11, 17, 19)
(5, 11, 17, 21)
(5, 11, 17, 23)
(5, 11, 17, 26)
(5, 11, 17, 29)
(5, 11, 19, 21)
(5, 11, 19, 23)
(5, 11, 19, 26)
(5, 11, 19, 29)
(5, 11, 21, 23)
(5, 11, 21, 26)
(5, 11, 21, 29)
(5, 11, 23, 26)
(5, 11, 23, 29)
(5, 11, 26, 29)
(5, 13, 14, 17)
(5, 13, 14, 19)
(5, 13, 14, 23)
(5, 13, 14, 29)
(5, 13, 17, 19)
(5, 13, 17, 21)
(5, 13, 17, 22)
(5, 13, 17, 23)
(5, 13, 17, 29)
(5, 13, 19, 21)
(5, 13, 19, 22)
(5, 13, 19, 23)
(5, 13, 19, 29)
(5, 13, 21, 22)
(5, 13, 21, 23)
(5, 13, 21, 29)
(5, 13, 22, 23)
(5, 13, 22, 29)
(5, 13, 23, 29)
(5, 14, 17, 19)
(5, 14, 17, 23)
(5, 14, 17, 29)
(5, 14, 19, 23)
(5, 14, 19, 29)
(5, 14, 23, 29)
(5, 17, 19, 21)
(5, 17, 19, 22)
(5, 17, 19, 23)
(5, 17, 19, 26)
(5, 17, 19, 29)
(5, 17, 21, 22)
(5, 17, 21, 23)
(5, 17, 21, 26)
(5, 17, 21, 29)
(5, 17, 22, 23)
(5, 17, 22, 29)
(5, 17, 23, 26)
(5, 17, 23, 29)
(5, 17, 26, 29)
(5, 19, 21, 22)
(5, 19, 21, 23)
(5, 19, 21, 26)
(5, 19, 21, 29)
(5, 19, 22, 23)
(5, 19, 22, 29)
(5, 19, 23, 26)
(5, 19, 23, 29)
(5, 19, 26, 29)
(5, 21, 22, 23)
(5, 21, 22, 29)
(5, 21, 23, 26)
(5, 21, 23, 29)
(5, 21, 26, 29)
(5, 22, 23, 29)
(5, 23, 26, 29)
(6, 7, 11, 13)
(6, 7, 11, 17)
(6, 7, 11, 19)
(6, 7, 11, 23)
(6, 7, 11, 29)
(6, 7, 13, 17)
(6, 7, 13, 19)
(6, 7, 13, 23)
(6, 7, 13, 29)
(6, 7, 17, 19)
(6, 7, 17, 23)
(6, 7, 17, 29)
(6, 7, 19, 23)
(6, 7, 19, 29)
(6, 7, 23, 29)
(6, 11, 13, 17)
(6, 11, 13, 19)
(6, 11, 13, 23)
(6, 11, 13, 29)
(6, 11, 17, 19)
(6, 11, 17, 23)
(6, 11, 17, 29)
(6, 11, 19, 23)
(6, 11, 19, 29)
(6, 11, 23, 29)
(6, 13, 17, 19)
(6, 13, 17, 23)
(6, 13, 17, 29)
(6, 13, 19, 23)
(6, 13, 19, 29)
(6, 13, 23, 29)
(6, 17, 19, 23)
(6, 17, 19, 29)
(6, 17, 23, 29)
(6, 19, 23, 29)
(7, 10, 11, 13)
(7, 10, 11, 17)
(7, 10, 11, 19)
(7, 10, 11, 23)
(7, 10, 11, 29)
(7, 10, 13, 17)
(7, 10, 13, 19)
(7, 10, 13, 23)
(7, 10, 13, 29)
(7, 10, 17, 19)
(7, 10, 17, 23)
(7, 10, 17, 29)
(7, 10, 19, 23)
(7, 10, 19, 29)
(7, 10, 23, 29)
(7, 11, 13, 15)
(7, 11, 13, 17)
(7, 11, 13, 19)
(7, 11, 13, 23)
(7, 11, 13, 29)
(7, 11, 13, 30)
(7, 11, 15, 17)
(7, 11, 15, 19)
(7, 11, 15, 23)
(7, 11, 15, 26)
(7, 11, 15, 29)
(7, 11, 17, 19)
(7, 11, 17, 23)
(7, 11, 17, 26)
(7, 11, 17, 29)
(7, 11, 17, 30)
(7, 11, 19, 23)
(7, 11, 19, 26)
(7, 11, 19, 29)
(7, 11, 19, 30)
(7, 11, 23, 26)
(7, 11, 23, 29)
(7, 11, 23, 30)
(7, 11, 26, 29)
(7, 11, 29, 30)
(7, 13, 15, 17)
(7, 13, 15, 19)
(7, 13, 15, 22)
(7, 13, 15, 23)
(7, 13, 15, 29)
(7, 13, 17, 19)
(7, 13, 17, 22)
(7, 13, 17, 23)
(7, 13, 17, 29)
(7, 13, 17, 30)
(7, 13, 19, 22)
(7, 13, 19, 23)
(7, 13, 19, 29)
(7, 13, 19, 30)
(7, 13, 22, 23)
(7, 13, 22, 29)
(7, 13, 23, 29)
(7, 13, 23, 30)
(7, 13, 29, 30)
(7, 15, 17, 19)
(7, 15, 17, 22)
(7, 15, 17, 23)
(7, 15, 17, 26)
(7, 15, 17, 29)
(7, 15, 19, 22)
(7, 15, 19, 23)
(7, 15, 19, 26)
(7, 15, 19, 29)
(7, 15, 22, 23)
(7, 15, 22, 29)
(7, 15, 23, 26)
(7, 15, 23, 29)
(7, 15, 26, 29)
(7, 17, 19, 22)
(7, 17, 19, 23)
(7, 17, 19, 26)
(7, 17, 19, 29)
(7, 17, 19, 30)
(7, 17, 22, 23)
(7, 17, 22, 29)
(7, 17, 23, 26)
(7, 17, 23, 29)
(7, 17, 23, 30)
(7, 17, 26, 29)
(7, 17, 29, 30)
(7, 19, 22, 23)
(7, 19, 22, 29)
(7, 19, 23, 26)
(7, 19, 23, 29)
(7, 19, 23, 30)
(7, 19, 26, 29)
(7, 19, 29, 30)
(7, 22, 23, 29)
(7, 23, 26, 29)
(7, 23, 29, 30)
(10, 11, 13, 17)
(10, 11, 13, 19)
(10, 11, 13, 21)
(10, 11, 13, 23)
(10, 11, 13, 29)
(10, 11, 17, 19)
(10, 11, 17, 21)
(10, 11, 17, 23)
(10, 11, 17, 29)
(10, 11, 19, 21)
(10, 11, 19, 23)
(10, 11, 19, 29)
(10, 11, 21, 23)
(10, 11, 21, 29)
(10, 11, 23, 29)
(10, 13, 17, 19)
(10, 13, 17, 21)
(10, 13, 17, 23)
(10, 13, 17, 29)
(10, 13, 19, 21)
(10, 13, 19, 23)
(10, 13, 19, 29)
(10, 13, 21, 23)
(10, 13, 21, 29)
(10, 13, 23, 29)
(10, 17, 19, 21)
(10, 17, 19, 23)
(10, 17, 19, 29)
(10, 17, 21, 23)
(10, 17, 21, 29)
(10, 17, 23, 29)
(10, 19, 21, 23)
(10, 19, 21, 29)
(10, 19, 23, 29)
(10, 21, 23, 29)
(11, 13, 14, 15)
(11, 13, 14, 17)
(11, 13, 14, 19)
(11, 13, 14, 23)
(11, 13, 14, 29)
(11, 13, 15, 17)
(11, 13, 15, 19)
(11, 13, 15, 23)
(11, 13, 15, 29)
(11, 13, 17, 19)
(11, 13, 17, 21)
(11, 13, 17, 23)
(11, 13, 17, 29)
(11, 13, 17, 30)
(11, 13, 19, 21)
(11, 13, 19, 23)
(11, 13, 19, 29)
(11, 13, 19, 30)
(11, 13, 21, 23)
(11, 13, 21, 29)
(11, 13, 23, 29)
(11, 13, 23, 30)
(11, 13, 29, 30)
(11, 14, 15, 17)
(11, 14, 15, 19)
(11, 14, 15, 23)
(11, 14, 15, 29)
(11, 14, 17, 19)
(11, 14, 17, 23)
(11, 14, 17, 29)
(11, 14, 19, 23)
(11, 14, 19, 29)
(11, 14, 23, 29)
(11, 15, 17, 19)
(11, 15, 17, 23)
(11, 15, 17, 26)
(11, 15, 17, 29)
(11, 15, 19, 23)
(11, 15, 19, 26)
(11, 15, 19, 29)
(11, 15, 23, 26)
(11, 15, 23, 29)
(11, 15, 26, 29)
(11, 17, 19, 21)
(11, 17, 19, 23)
(11, 17, 19, 26)
(11, 17, 19, 29)
(11, 17, 19, 30)
(11, 17, 21, 23)
(11, 17, 21, 26)
(11, 17, 21, 29)
(11, 17, 23, 26)
(11, 17, 23, 29)
(11, 17, 23, 30)
(11, 17, 26, 29)
(11, 17, 29, 30)
(11, 19, 21, 23)
(11, 19, 21, 26)
(11, 19, 21, 29)
(11, 19, 23, 26)
(11, 19, 23, 29)
(11, 19, 23, 30)
(11, 19, 26, 29)
(11, 19, 29, 30)
(11, 21, 23, 26)
(11, 21, 23, 29)
(11, 21, 26, 29)
(11, 23, 26, 29)
(11, 23, 29, 30)
(13, 14, 15, 17)
(13, 14, 15, 19)
(13, 14, 15, 23)
(13, 14, 15, 29)
(13, 14, 17, 19)
(13, 14, 17, 23)
(13, 14, 17, 29)
(13, 14, 19, 23)
(13, 14, 19, 29)
(13, 14, 23, 29)
(13, 15, 17, 19)
(13, 15, 17, 22)
(13, 15, 17, 23)
(13, 15, 17, 29)
(13, 15, 19, 22)
(13, 15, 19, 23)
(13, 15, 19, 29)
(13, 15, 22, 23)
(13, 15, 22, 29)
(13, 15, 23, 29)
(13, 17, 19, 21)
(13, 17, 19, 22)
(13, 17, 19, 23)
(13, 17, 19, 29)
(13, 17, 19, 30)
(13, 17, 21, 22)
(13, 17, 21, 23)
(13, 17, 21, 29)
(13, 17, 22, 23)
(13, 17, 22, 29)
(13, 17, 23, 29)
(13, 17, 23, 30)
(13, 17, 29, 30)
(13, 19, 21, 22)
(13, 19, 21, 23)
(13, 19, 21, 29)
(13, 19, 22, 23)
(13, 19, 22, 29)
(13, 19, 23, 29)
(13, 19, 23, 30)
(13, 19, 29, 30)
(13, 21, 22, 23)
(13, 21, 22, 29)
(13, 21, 23, 29)
(13, 22, 23, 29)
(13, 23, 29, 30)
(14, 15, 17, 19)
(14, 15, 17, 23)
(14, 15, 17, 29)
(14, 15, 19, 23)
(14, 15, 19, 29)
(14, 15, 23, 29)
(14, 17, 19, 23)
(14, 17, 19, 29)
(14, 17, 23, 29)
(14, 19, 23, 29)
(15, 17, 19, 22)
(15, 17, 19, 23)
(15, 17, 19, 26)
(15, 17, 19, 29)
(15, 17, 22, 23)
(15, 17, 22, 29)
(15, 17, 23, 26)
(15, 17, 23, 29)
(15, 17, 26, 29)
(15, 19, 22, 23)
(15, 19, 22, 29)
(15, 19, 23, 26)
(15, 19, 23, 29)
(15, 19, 26, 29)
(15, 22, 23, 29)
(15, 23, 26, 29)
(17, 19, 21, 22)
(17, 19, 21, 23)
(17, 19, 21, 26)
(17, 19, 21, 29)
(17, 19, 22, 23)
(17, 19, 22, 29)
(17, 19, 23, 26)
(17, 19, 23, 29)
(17, 19, 23, 30)
(17, 19, 26, 29)
(17, 19, 29, 30)
(17, 21, 22, 23)
(17, 21, 22, 29)
(17, 21, 23, 26)
(17, 21, 23, 29)
(17, 21, 26, 29)
(17, 22, 23, 29)
(17, 23, 26, 29)
(17, 23, 29, 30)
(19, 21, 22, 23)
(19, 21, 22, 29)
(19, 21, 23, 26)
(19, 21, 23, 29)
(19, 21, 26, 29)
(19, 22, 23, 29)
(19, 23, 26, 29)
(19, 23, 29, 30)
(21, 22, 23, 29)
(21, 23, 26, 29)
(2, 3, 5, 7, 11)
(2, 3, 5, 7, 13)
(2, 3, 5, 7, 17)
(2, 3, 5, 7, 19)
(2, 3, 5, 7, 23)
(2, 3, 5, 7, 29)
(2, 3, 5, 11, 13)
(2, 3, 5, 11, 17)
(2, 3, 5, 11, 19)
(2, 3, 5, 11, 23)
(2, 3, 5, 11, 29)
(2, 3, 5, 13, 17)
(2, 3, 5, 13, 19)
(2, 3, 5, 13, 23)
(2, 3, 5, 13, 29)
(2, 3, 5, 17, 19)
(2, 3, 5, 17, 23)
(2, 3, 5, 17, 29)
(2, 3, 5, 19, 23)
(2, 3, 5, 19, 29)
(2, 3, 5, 23, 29)
(2, 3, 7, 11, 13)
(2, 3, 7, 11, 17)
(2, 3, 7, 11, 19)
(2, 3, 7, 11, 23)
(2, 3, 7, 11, 29)
(2, 3, 7, 13, 17)
(2, 3, 7, 13, 19)
(2, 3, 7, 13, 23)
(2, 3, 7, 13, 29)
(2, 3, 7, 17, 19)
(2, 3, 7, 17, 23)
(2, 3, 7, 17, 29)
(2, 3, 7, 19, 23)
(2, 3, 7, 19, 29)
(2, 3, 7, 23, 29)
(2, 3, 11, 13, 17)
(2, 3, 11, 13, 19)
(2, 3, 11, 13, 23)
(2, 3, 11, 13, 29)
(2, 3, 11, 17, 19)
(2, 3, 11, 17, 23)
(2, 3, 11, 17, 29)
(2, 3, 11, 19, 23)
(2, 3, 11, 19, 29)
(2, 3, 11, 23, 29)
(2, 3, 13, 17, 19)
(2, 3, 13, 17, 23)
(2, 3, 13, 17, 29)
(2, 3, 13, 19, 23)
(2, 3, 13, 19, 29)
(2, 3, 13, 23, 29)
(2, 3, 17, 19, 23)
(2, 3, 17, 19, 29)
(2, 3, 17, 23, 29)
(2, 3, 19, 23, 29)
(2, 5, 7, 11, 13)
(2, 5, 7, 11, 17)
(2, 5, 7, 11, 19)
(2, 5, 7, 11, 23)
(2, 5, 7, 11, 29)
(2, 5, 7, 13, 17)
(2, 5, 7, 13, 19)
(2, 5, 7, 13, 23)
(2, 5, 7, 13, 29)
(2, 5, 7, 17, 19)
(2, 5, 7, 17, 23)
(2, 5, 7, 17, 29)
(2, 5, 7, 19, 23)
(2, 5, 7, 19, 29)
(2, 5, 7, 23, 29)
(2, 5, 11, 13, 17)
(2, 5, 11, 13, 19)
(2, 5, 11, 13, 21)
(2, 5, 11, 13, 23)
(2, 5, 11, 13, 29)
(2, 5, 11, 17, 19)
(2, 5, 11, 17, 21)
(2, 5, 11, 17, 23)
(2, 5, 11, 17, 29)
(2, 5, 11, 19, 21)
(2, 5, 11, 19, 23)
(2, 5, 11, 19, 29)
(2, 5, 11, 21, 23)
(2, 5, 11, 21, 29)
(2, 5, 11, 23, 29)
(2, 5, 13, 17, 19)
(2, 5, 13, 17, 21)
(2, 5, 13, 17, 23)
(2, 5, 13, 17, 29)
(2, 5, 13, 19, 21)
(2, 5, 13, 19, 23)
(2, 5, 13, 19, 29)
(2, 5, 13, 21, 23)
(2, 5, 13, 21, 29)
(2, 5, 13, 23, 29)
(2, 5, 17, 19, 21)
(2, 5, 17, 19, 23)
(2, 5, 17, 19, 29)
(2, 5, 17, 21, 23)
(2, 5, 17, 21, 29)
(2, 5, 17, 23, 29)
(2, 5, 19, 21, 23)
(2, 5, 19, 21, 29)
(2, 5, 19, 23, 29)
(2, 5, 21, 23, 29)
(2, 7, 11, 13, 15)
(2, 7, 11, 13, 17)
(2, 7, 11, 13, 19)
(2, 7, 11, 13, 23)
(2, 7, 11, 13, 29)
(2, 7, 11, 15, 17)
(2, 7, 11, 15, 19)
(2, 7, 11, 15, 23)
(2, 7, 11, 15, 29)
(2, 7, 11, 17, 19)
(2, 7, 11, 17, 23)
(2, 7, 11, 17, 29)
(2, 7, 11, 19, 23)
(2, 7, 11, 19, 29)
(2, 7, 11, 23, 29)
(2, 7, 13, 15, 17)
(2, 7, 13, 15, 19)
(2, 7, 13, 15, 23)
(2, 7, 13, 15, 29)
(2, 7, 13, 17, 19)
(2, 7, 13, 17, 23)
(2, 7, 13, 17, 29)
(2, 7, 13, 19, 23)
(2, 7, 13, 19, 29)
(2, 7, 13, 23, 29)
(2, 7, 15, 17, 19)
(2, 7, 15, 17, 23)
(2, 7, 15, 17, 29)
(2, 7, 15, 19, 23)
(2, 7, 15, 19, 29)
(2, 7, 15, 23, 29)
(2, 7, 17, 19, 23)
(2, 7, 17, 19, 29)
(2, 7, 17, 23, 29)
(2, 7, 19, 23, 29)
(2, 11, 13, 15, 17)
(2, 11, 13, 15, 19)
(2, 11, 13, 15, 23)
(2, 11, 13, 15, 29)
(2, 11, 13, 17, 19)
(2, 11, 13, 17, 21)
(2, 11, 13, 17, 23)
(2, 11, 13, 17, 29)
(2, 11, 13, 19, 21)
(2, 11, 13, 19, 23)
(2, 11, 13, 19, 29)
(2, 11, 13, 21, 23)
(2, 11, 13, 21, 29)
(2, 11, 13, 23, 29)
(2, 11, 15, 17, 19)
(2, 11, 15, 17, 23)
(2, 11, 15, 17, 29)
(2, 11, 15, 19, 23)
(2, 11, 15, 19, 29)
(2, 11, 15, 23, 29)
(2, 11, 17, 19, 21)
(2, 11, 17, 19, 23)
(2, 11, 17, 19, 29)
(2, 11, 17, 21, 23)
(2, 11, 17, 21, 29)
(2, 11, 17, 23, 29)
(2, 11, 19, 21, 23)
(2, 11, 19, 21, 29)
(2, 11, 19, 23, 29)
(2, 11, 21, 23, 29)
(2, 13, 15, 17, 19)
(2, 13, 15, 17, 23)
(2, 13, 15, 17, 29)
(2, 13, 15, 19, 23)
(2, 13, 15, 19, 29)
(2, 13, 15, 23, 29)
(2, 13, 17, 19, 21)
(2, 13, 17, 19, 23)
(2, 13, 17, 19, 29)
(2, 13, 17, 21, 23)
(2, 13, 17, 21, 29)
(2, 13, 17, 23, 29)
(2, 13, 19, 21, 23)
(2, 13, 19, 21, 29)
(2, 13, 19, 23, 29)
(2, 13, 21, 23, 29)
(2, 15, 17, 19, 23)
(2, 15, 17, 19, 29)
(2, 15, 17, 23, 29)
(2, 15, 19, 23, 29)
(2, 17, 19, 21, 23)
(2, 17, 19, 21, 29)
(2, 17, 19, 23, 29)
(2, 17, 21, 23, 29)
(2, 19, 21, 23, 29)
(3, 5, 7, 11, 13)
(3, 5, 7, 11, 17)
(3, 5, 7, 11, 19)
(3, 5, 7, 11, 23)
(3, 5, 7, 11, 26)
(3, 5, 7, 11, 29)
(3, 5, 7, 13, 17)
(3, 5, 7, 13, 19)
(3, 5, 7, 13, 22)
(3, 5, 7, 13, 23)
(3, 5, 7, 13, 29)
(3, 5, 7, 17, 19)
(3, 5, 7, 17, 22)
(3, 5, 7, 17, 23)
(3, 5, 7, 17, 26)
(3, 5, 7, 17, 29)
(3, 5, 7, 19, 22)
(3, 5, 7, 19, 23)
(3, 5, 7, 19, 26)
(3, 5, 7, 19, 29)
(3, 5, 7, 22, 23)
(3, 5, 7, 22, 29)
(3, 5, 7, 23, 26)
(3, 5, 7, 23, 29)
(3, 5, 7, 26, 29)
(3, 5, 11, 13, 14)
(3, 5, 11, 13, 17)
(3, 5, 11, 13, 19)
(3, 5, 11, 13, 23)
(3, 5, 11, 13, 29)
(3, 5, 11, 14, 17)
(3, 5, 11, 14, 19)
(3, 5, 11, 14, 23)
(3, 5, 11, 14, 29)
(3, 5, 11, 17, 19)
(3, 5, 11, 17, 23)
(3, 5, 11, 17, 26)
(3, 5, 11, 17, 29)
(3, 5, 11, 19, 23)
(3, 5, 11, 19, 26)
(3, 5, 11, 19, 29)
(3, 5, 11, 23, 26)
(3, 5, 11, 23, 29)
(3, 5, 11, 26, 29)
(3, 5, 13, 14, 17)
(3, 5, 13, 14, 19)
(3, 5, 13, 14, 23)
(3, 5, 13, 14, 29)
(3, 5, 13, 17, 19)
(3, 5, 13, 17, 22)
(3, 5, 13, 17, 23)
(3, 5, 13, 17, 29)
(3, 5, 13, 19, 22)
(3, 5, 13, 19, 23)
(3, 5, 13, 19, 29)
(3, 5, 13, 22, 23)
(3, 5, 13, 22, 29)
(3, 5, 13, 23, 29)
(3, 5, 14, 17, 19)
(3, 5, 14, 17, 23)
(3, 5, 14, 17, 29)
(3, 5, 14, 19, 23)
(3, 5, 14, 19, 29)
(3, 5, 14, 23, 29)
(3, 5, 17, 19, 22)
(3, 5, 17, 19, 23)
(3, 5, 17, 19, 26)
(3, 5, 17, 19, 29)
(3, 5, 17, 22, 23)
(3, 5, 17, 22, 29)
(3, 5, 17, 23, 26)
(3, 5, 17, 23, 29)
(3, 5, 17, 26, 29)
(3, 5, 19, 22, 23)
(3, 5, 19, 22, 29)
(3, 5, 19, 23, 26)
(3, 5, 19, 23, 29)
(3, 5, 19, 26, 29)
(3, 5, 22, 23, 29)
(3, 5, 23, 26, 29)
(3, 7, 10, 11, 13)
(3, 7, 10, 11, 17)
(3, 7, 10, 11, 19)
(3, 7, 10, 11, 23)
(3, 7, 10, 11, 29)
(3, 7, 10, 13, 17)
(3, 7, 10, 13, 19)
(3, 7, 10, 13, 23)
(3, 7, 10, 13, 29)
(3, 7, 10, 17, 19)
(3, 7, 10, 17, 23)
(3, 7, 10, 17, 29)
(3, 7, 10, 19, 23)
(3, 7, 10, 19, 29)
(3, 7, 10, 23, 29)
(3, 7, 11, 13, 17)
(3, 7, 11, 13, 19)
(3, 7, 11, 13, 23)
(3, 7, 11, 13, 29)
(3, 7, 11, 17, 19)
(3, 7, 11, 17, 23)
(3, 7, 11, 17, 26)
(3, 7, 11, 17, 29)
(3, 7, 11, 19, 23)
(3, 7, 11, 19, 26)
(3, 7, 11, 19, 29)
(3, 7, 11, 23, 26)
(3, 7, 11, 23, 29)
(3, 7, 11, 26, 29)
(3, 7, 13, 17, 19)
(3, 7, 13, 17, 22)
(3, 7, 13, 17, 23)
(3, 7, 13, 17, 29)
(3, 7, 13, 19, 22)
(3, 7, 13, 19, 23)
(3, 7, 13, 19, 29)
(3, 7, 13, 22, 23)
(3, 7, 13, 22, 29)
(3, 7, 13, 23, 29)
(3, 7, 17, 19, 22)
(3, 7, 17, 19, 23)
(3, 7, 17, 19, 26)
(3, 7, 17, 19, 29)
(3, 7, 17, 22, 23)
(3, 7, 17, 22, 29)
(3, 7, 17, 23, 26)
(3, 7, 17, 23, 29)
(3, 7, 17, 26, 29)
(3, 7, 19, 22, 23)
(3, 7, 19, 22, 29)
(3, 7, 19, 23, 26)
(3, 7, 19, 23, 29)
(3, 7, 19, 26, 29)
(3, 7, 22, 23, 29)
(3, 7, 23, 26, 29)
(3, 10, 11, 13, 17)
(3, 10, 11, 13, 19)
(3, 10, 11, 13, 23)
(3, 10, 11, 13, 29)
(3, 10, 11, 17, 19)
(3, 10, 11, 17, 23)
(3, 10, 11, 17, 29)
(3, 10, 11, 19, 23)
(3, 10, 11, 19, 29)
(3, 10, 11, 23, 29)
(3, 10, 13, 17, 19)
(3, 10, 13, 17, 23)
(3, 10, 13, 17, 29)
(3, 10, 13, 19, 23)
(3, 10, 13, 19, 29)
(3, 10, 13, 23, 29)
(3, 10, 17, 19, 23)
(3, 10, 17, 19, 29)
(3, 10, 17, 23, 29)
(3, 10, 19, 23, 29)
(3, 11, 13, 14, 17)
(3, 11, 13, 14, 19)
(3, 11, 13, 14, 23)
(3, 11, 13, 14, 29)
(3, 11, 13, 17, 19)
(3, 11, 13, 17, 23)
(3, 11, 13, 17, 29)
(3, 11, 13, 19, 23)
(3, 11, 13, 19, 29)
(3, 11, 13, 23, 29)
(3, 11, 14, 17, 19)
(3, 11, 14, 17, 23)
(3, 11, 14, 17, 29)
(3, 11, 14, 19, 23)
(3, 11, 14, 19, 29)
(3, 11, 14, 23, 29)
(3, 11, 17, 19, 23)
(3, 11, 17, 19, 26)
(3, 11, 17, 19, 29)
(3, 11, 17, 23, 26)
(3, 11, 17, 23, 29)
(3, 11, 17, 26, 29)
(3, 11, 19, 23, 26)
(3, 11, 19, 23, 29)
(3, 11, 19, 26, 29)
(3, 11, 23, 26, 29)
(3, 13, 14, 17, 19)
(3, 13, 14, 17, 23)
(3, 13, 14, 17, 29)
(3, 13, 14, 19, 23)
(3, 13, 14, 19, 29)
(3, 13, 14, 23, 29)
(3, 13, 17, 19, 22)
(3, 13, 17, 19, 23)
(3, 13, 17, 19, 29)
(3, 13, 17, 22, 23)
(3, 13, 17, 22, 29)
(3, 13, 17, 23, 29)
(3, 13, 19, 22, 23)
(3, 13, 19, 22, 29)
(3, 13, 19, 23, 29)
(3, 13, 22, 23, 29)
(3, 14, 17, 19, 23)
(3, 14, 17, 19, 29)
(3, 14, 17, 23, 29)
(3, 14, 19, 23, 29)
(3, 17, 19, 22, 23)
(3, 17, 19, 22, 29)
(3, 17, 19, 23, 26)
(3, 17, 19, 23, 29)
(3, 17, 19, 26, 29)
(3, 17, 22, 23, 29)
(3, 17, 23, 26, 29)
(3, 19, 22, 23, 29)
(3, 19, 23, 26, 29)
(5, 6, 7, 11, 13)
(5, 6, 7, 11, 17)
(5, 6, 7, 11, 19)
(5, 6, 7, 11, 23)
(5, 6, 7, 11, 29)
(5, 6, 7, 13, 17)
(5, 6, 7, 13, 19)
(5, 6, 7, 13, 23)
(5, 6, 7, 13, 29)
(5, 6, 7, 17, 19)
(5, 6, 7, 17, 23)
(5, 6, 7, 17, 29)
(5, 6, 7, 19, 23)
(5, 6, 7, 19, 29)
(5, 6, 7, 23, 29)
(5, 6, 11, 13, 17)
(5, 6, 11, 13, 19)
(5, 6, 11, 13, 23)
(5, 6, 11, 13, 29)
(5, 6, 11, 17, 19)
(5, 6, 11, 17, 23)
(5, 6, 11, 17, 29)
(5, 6, 11, 19, 23)
(5, 6, 11, 19, 29)
(5, 6, 11, 23, 29)
(5, 6, 13, 17, 19)
(5, 6, 13, 17, 23)
(5, 6, 13, 17, 29)
(5, 6, 13, 19, 23)
(5, 6, 13, 19, 29)
(5, 6, 13, 23, 29)
(5, 6, 17, 19, 23)
(5, 6, 17, 19, 29)
(5, 6, 17, 23, 29)
(5, 6, 19, 23, 29)
(5, 7, 11, 13, 17)
(5, 7, 11, 13, 19)
(5, 7, 11, 13, 23)
(5, 7, 11, 13, 29)
(5, 7, 11, 17, 19)
(5, 7, 11, 17, 23)
(5, 7, 11, 17, 26)
(5, 7, 11, 17, 29)
(5, 7, 11, 19, 23)
(5, 7, 11, 19, 26)
(5, 7, 11, 19, 29)
(5, 7, 11, 23, 26)
(5, 7, 11, 23, 29)
(5, 7, 11, 26, 29)
(5, 7, 13, 17, 19)
(5, 7, 13, 17, 22)
(5, 7, 13, 17, 23)
(5, 7, 13, 17, 29)
(5, 7, 13, 19, 22)
(5, 7, 13, 19, 23)
(5, 7, 13, 19, 29)
(5, 7, 13, 22, 23)
(5, 7, 13, 22, 29)
(5, 7, 13, 23, 29)
(5, 7, 17, 19, 22)
(5, 7, 17, 19, 23)
(5, 7, 17, 19, 26)
(5, 7, 17, 19, 29)
(5, 7, 17, 22, 23)
(5, 7, 17, 22, 29)
(5, 7, 17, 23, 26)
(5, 7, 17, 23, 29)
(5, 7, 17, 26, 29)
(5, 7, 19, 22, 23)
(5, 7, 19, 22, 29)
(5, 7, 19, 23, 26)
(5, 7, 19, 23, 29)
(5, 7, 19, 26, 29)
(5, 7, 22, 23, 29)
(5, 7, 23, 26, 29)
(5, 11, 13, 14, 17)
(5, 11, 13, 14, 19)
(5, 11, 13, 14, 23)
(5, 11, 13, 14, 29)
(5, 11, 13, 17, 19)
(5, 11, 13, 17, 21)
(5, 11, 13, 17, 23)
(5, 11, 13, 17, 29)
(5, 11, 13, 19, 21)
(5, 11, 13, 19, 23)
(5, 11, 13, 19, 29)
(5, 11, 13, 21, 23)
(5, 11, 13, 21, 29)
(5, 11, 13, 23, 29)
(5, 11, 14, 17, 19)
(5, 11, 14, 17, 23)
(5, 11, 14, 17, 29)
(5, 11, 14, 19, 23)
(5, 11, 14, 19, 29)
(5, 11, 14, 23, 29)
(5, 11, 17, 19, 21)
(5, 11, 17, 19, 23)
(5, 11, 17, 19, 26)
(5, 11, 17, 19, 29)
(5, 11, 17, 21, 23)
(5, 11, 17, 21, 26)
(5, 11, 17, 21, 29)
(5, 11, 17, 23, 26)
(5, 11, 17, 23, 29)
(5, 11, 17, 26, 29)
(5, 11, 19, 21, 23)
(5, 11, 19, 21, 26)
(5, 11, 19, 21, 29)
(5, 11, 19, 23, 26)
(5, 11, 19, 23, 29)
(5, 11, 19, 26, 29)
(5, 11, 21, 23, 26)
(5, 11, 21, 23, 29)
(5, 11, 21, 26, 29)
(5, 11, 23, 26, 29)
(5, 13, 14, 17, 19)
(5, 13, 14, 17, 23)
(5, 13, 14, 17, 29)
(5, 13, 14, 19, 23)
(5, 13, 14, 19, 29)
(5, 13, 14, 23, 29)
(5, 13, 17, 19, 21)
(5, 13, 17, 19, 22)
(5, 13, 17, 19, 23)
(5, 13, 17, 19, 29)
(5, 13, 17, 21, 22)
(5, 13, 17, 21, 23)
(5, 13, 17, 21, 29)
(5, 13, 17, 22, 23)
(5, 13, 17, 22, 29)
(5, 13, 17, 23, 29)
(5, 13, 19, 21, 22)
(5, 13, 19, 21, 23)
(5, 13, 19, 21, 29)
(5, 13, 19, 22, 23)
(5, 13, 19, 22, 29)
(5, 13, 19, 23, 29)
(5, 13, 21, 22, 23)
(5, 13, 21, 22, 29)
(5, 13, 21, 23, 29)
(5, 13, 22, 23, 29)
(5, 14, 17, 19, 23)
(5, 14, 17, 19, 29)
(5, 14, 17, 23, 29)
(5, 14, 19, 23, 29)
(5, 17, 19, 21, 22)
(5, 17, 19, 21, 23)
(5, 17, 19, 21, 26)
(5, 17, 19, 21, 29)
(5, 17, 19, 22, 23)
(5, 17, 19, 22, 29)
(5, 17, 19, 23, 26)
(5, 17, 19, 23, 29)
(5, 17, 19, 26, 29)
(5, 17, 21, 22, 23)
(5, 17, 21, 22, 29)
(5, 17, 21, 23, 26)
(5, 17, 21, 23, 29)
(5, 17, 21, 26, 29)
(5, 17, 22, 23, 29)
(5, 17, 23, 26, 29)
(5, 19, 21, 22, 23)
(5, 19, 21, 22, 29)
(5, 19, 21, 23, 26)
(5, 19, 21, 23, 29)
(5, 19, 21, 26, 29)
(5, 19, 22, 23, 29)
(5, 19, 23, 26, 29)
(5, 21, 22, 23, 29)
(5, 21, 23, 26, 29)
(6, 7, 11, 13, 17)
(6, 7, 11, 13, 19)
(6, 7, 11, 13, 23)
(6, 7, 11, 13, 29)
(6, 7, 11, 17, 19)
(6, 7, 11, 17, 23)
(6, 7, 11, 17, 29)
(6, 7, 11, 19, 23)
(6, 7, 11, 19, 29)
(6, 7, 11, 23, 29)
(6, 7, 13, 17, 19)
(6, 7, 13, 17, 23)
(6, 7, 13, 17, 29)
(6, 7, 13, 19, 23)
(6, 7, 13, 19, 29)
(6, 7, 13, 23, 29)
(6, 7, 17, 19, 23)
(6, 7, 17, 19, 29)
(6, 7, 17, 23, 29)
(6, 7, 19, 23, 29)
(6, 11, 13, 17, 19)
(6, 11, 13, 17, 23)
(6, 11, 13, 17, 29)
(6, 11, 13, 19, 23)
(6, 11, 13, 19, 29)
(6, 11, 13, 23, 29)
(6, 11, 17, 19, 23)
(6, 11, 17, 19, 29)
(6, 11, 17, 23, 29)
(6, 11, 19, 23, 29)
(6, 13, 17, 19, 23)
(6, 13, 17, 19, 29)
(6, 13, 17, 23, 29)
(6, 13, 19, 23, 29)
(6, 17, 19, 23, 29)
(7, 10, 11, 13, 17)
(7, 10, 11, 13, 19)
(7, 10, 11, 13, 23)
(7, 10, 11, 13, 29)
(7, 10, 11, 17, 19)
(7, 10, 11, 17, 23)
(7, 10, 11, 17, 29)
(7, 10, 11, 19, 23)
(7, 10, 11, 19, 29)
(7, 10, 11, 23, 29)
(7, 10, 13, 17, 19)
(7, 10, 13, 17, 23)
(7, 10, 13, 17, 29)
(7, 10, 13, 19, 23)
(7, 10, 13, 19, 29)
(7, 10, 13, 23, 29)
(7, 10, 17, 19, 23)
(7, 10, 17, 19, 29)
(7, 10, 17, 23, 29)
(7, 10, 19, 23, 29)
(7, 11, 13, 15, 17)
(7, 11, 13, 15, 19)
(7, 11, 13, 15, 23)
(7, 11, 13, 15, 29)
(7, 11, 13, 17, 19)
(7, 11, 13, 17, 23)
(7, 11, 13, 17, 29)
(7, 11, 13, 17, 30)
(7, 11, 13, 19, 23)
(7, 11, 13, 19, 29)
(7, 11, 13, 19, 30)
(7, 11, 13, 23, 29)
(7, 11, 13, 23, 30)
(7, 11, 13, 29, 30)
(7, 11, 15, 17, 19)
(7, 11, 15, 17, 23)
(7, 11, 15, 17, 26)
(7, 11, 15, 17, 29)
(7, 11, 15, 19, 23)
(7, 11, 15, 19, 26)
(7, 11, 15, 19, 29)
(7, 11, 15, 23, 26)
(7, 11, 15, 23, 29)
(7, 11, 15, 26, 29)
(7, 11, 17, 19, 23)
(7, 11, 17, 19, 26)
(7, 11, 17, 19, 29)
(7, 11, 17, 19, 30)
(7, 11, 17, 23, 26)
(7, 11, 17, 23, 29)
(7, 11, 17, 23, 30)
(7, 11, 17, 26, 29)
(7, 11, 17, 29, 30)
(7, 11, 19, 23, 26)
(7, 11, 19, 23, 29)
(7, 11, 19, 23, 30)
(7, 11, 19, 26, 29)
(7, 11, 19, 29, 30)
(7, 11, 23, 26, 29)
(7, 11, 23, 29, 30)
(7, 13, 15, 17, 19)
(7, 13, 15, 17, 22)
(7, 13, 15, 17, 23)
(7, 13, 15, 17, 29)
(7, 13, 15, 19, 22)
(7, 13, 15, 19, 23)
(7, 13, 15, 19, 29)
(7, 13, 15, 22, 23)
(7, 13, 15, 22, 29)
(7, 13, 15, 23, 29)
(7, 13, 17, 19, 22)
(7, 13, 17, 19, 23)
(7, 13, 17, 19, 29)
(7, 13, 17, 19, 30)
(7, 13, 17, 22, 23)
(7, 13, 17, 22, 29)
(7, 13, 17, 23, 29)
(7, 13, 17, 23, 30)
(7, 13, 17, 29, 30)
(7, 13, 19, 22, 23)
(7, 13, 19, 22, 29)
(7, 13, 19, 23, 29)
(7, 13, 19, 23, 30)
(7, 13, 19, 29, 30)
(7, 13, 22, 23, 29)
(7, 13, 23, 29, 30)
(7, 15, 17, 19, 22)
(7, 15, 17, 19, 23)
(7, 15, 17, 19, 26)
(7, 15, 17, 19, 29)
(7, 15, 17, 22, 23)
(7, 15, 17, 22, 29)
(7, 15, 17, 23, 26)
(7, 15, 17, 23, 29)
(7, 15, 17, 26, 29)
(7, 15, 19, 22, 23)
(7, 15, 19, 22, 29)
(7, 15, 19, 23, 26)
(7, 15, 19, 23, 29)
(7, 15, 19, 26, 29)
(7, 15, 22, 23, 29)
(7, 15, 23, 26, 29)
(7, 17, 19, 22, 23)
(7, 17, 19, 22, 29)
(7, 17, 19, 23, 26)
(7, 17, 19, 23, 29)
(7, 17, 19, 23, 30)
(7, 17, 19, 26, 29)
(7, 17, 19, 29, 30)
(7, 17, 22, 23, 29)
(7, 17, 23, 26, 29)
(7, 17, 23, 29, 30)
(7, 19, 22, 23, 29)
(7, 19, 23, 26, 29)
(7, 19, 23, 29, 30)
(10, 11, 13, 17, 19)
(10, 11, 13, 17, 21)
(10, 11, 13, 17, 23)
(10, 11, 13, 17, 29)
(10, 11, 13, 19, 21)
(10, 11, 13, 19, 23)
(10, 11, 13, 19, 29)
(10, 11, 13, 21, 23)
(10, 11, 13, 21, 29)
(10, 11, 13, 23, 29)
(10, 11, 17, 19, 21)
(10, 11, 17, 19, 23)
(10, 11, 17, 19, 29)
(10, 11, 17, 21, 23)
(10, 11, 17, 21, 29)
(10, 11, 17, 23, 29)
(10, 11, 19, 21, 23)
(10, 11, 19, 21, 29)
(10, 11, 19, 23, 29)
(10, 11, 21, 23, 29)
(10, 13, 17, 19, 21)
(10, 13, 17, 19, 23)
(10, 13, 17, 19, 29)
(10, 13, 17, 21, 23)
(10, 13, 17, 21, 29)
(10, 13, 17, 23, 29)
(10, 13, 19, 21, 23)
(10, 13, 19, 21, 29)
(10, 13, 19, 23, 29)
(10, 13, 21, 23, 29)
(10, 17, 19, 21, 23)
(10, 17, 19, 21, 29)
(10, 17, 19, 23, 29)
(10, 17, 21, 23, 29)
(10, 19, 21, 23, 29)
(11, 13, 14, 15, 17)
(11, 13, 14, 15, 19)
(11, 13, 14, 15, 23)
(11, 13, 14, 15, 29)
(11, 13, 14, 17, 19)
(11, 13, 14, 17, 23)
(11, 13, 14, 17, 29)
(11, 13, 14, 19, 23)
(11, 13, 14, 19, 29)
(11, 13, 14, 23, 29)
(11, 13, 15, 17, 19)
(11, 13, 15, 17, 23)
(11, 13, 15, 17, 29)
(11, 13, 15, 19, 23)
(11, 13, 15, 19, 29)
(11, 13, 15, 23, 29)
(11, 13, 17, 19, 21)
(11, 13, 17, 19, 23)
(11, 13, 17, 19, 29)
(11, 13, 17, 19, 30)
(11, 13, 17, 21, 23)
(11, 13, 17, 21, 29)
(11, 13, 17, 23, 29)
(11, 13, 17, 23, 30)
(11, 13, 17, 29, 30)
(11, 13, 19, 21, 23)
(11, 13, 19, 21, 29)
(11, 13, 19, 23, 29)
(11, 13, 19, 23, 30)
(11, 13, 19, 29, 30)
(11, 13, 21, 23, 29)
(11, 13, 23, 29, 30)
(11, 14, 15, 17, 19)
(11, 14, 15, 17, 23)
(11, 14, 15, 17, 29)
(11, 14, 15, 19, 23)
(11, 14, 15, 19, 29)
(11, 14, 15, 23, 29)
(11, 14, 17, 19, 23)
(11, 14, 17, 19, 29)
(11, 14, 17, 23, 29)
(11, 14, 19, 23, 29)
(11, 15, 17, 19, 23)
(11, 15, 17, 19, 26)
(11, 15, 17, 19, 29)
(11, 15, 17, 23, 26)
(11, 15, 17, 23, 29)
(11, 15, 17, 26, 29)
(11, 15, 19, 23, 26)
(11, 15, 19, 23, 29)
(11, 15, 19, 26, 29)
(11, 15, 23, 26, 29)
(11, 17, 19, 21, 23)
(11, 17, 19, 21, 26)
(11, 17, 19, 21, 29)
(11, 17, 19, 23, 26)
(11, 17, 19, 23, 29)
(11, 17, 19, 23, 30)
(11, 17, 19, 26, 29)
(11, 17, 19, 29, 30)
(11, 17, 21, 23, 26)
(11, 17, 21, 23, 29)
(11, 17, 21, 26, 29)
(11, 17, 23, 26, 29)
(11, 17, 23, 29, 30)
(11, 19, 21, 23, 26)
(11, 19, 21, 23, 29)
(11, 19, 21, 26, 29)
(11, 19, 23, 26, 29)
(11, 19, 23, 29, 30)
(11, 21, 23, 26, 29)
(13, 14, 15, 17, 19)
(13, 14, 15, 17, 23)
(13, 14, 15, 17, 29)
(13, 14, 15, 19, 23)
(13, 14, 15, 19, 29)
(13, 14, 15, 23, 29)
(13, 14, 17, 19, 23)
(13, 14, 17, 19, 29)
(13, 14, 17, 23, 29)
(13, 14, 19, 23, 29)
(13, 15, 17, 19, 22)
(13, 15, 17, 19, 23)
(13, 15, 17, 19, 29)
(13, 15, 17, 22, 23)
(13, 15, 17, 22, 29)
(13, 15, 17, 23, 29)
(13, 15, 19, 22, 23)
(13, 15, 19, 22, 29)
(13, 15, 19, 23, 29)
(13, 15, 22, 23, 29)
(13, 17, 19, 21, 22)
(13, 17, 19, 21, 23)
(13, 17, 19, 21, 29)
(13, 17, 19, 22, 23)
(13, 17, 19, 22, 29)
(13, 17, 19, 23, 29)
(13, 17, 19, 23, 30)
(13, 17, 19, 29, 30)
(13, 17, 21, 22, 23)
(13, 17, 21, 22, 29)
(13, 17, 21, 23, 29)
(13, 17, 22, 23, 29)
(13, 17, 23, 29, 30)
(13, 19, 21, 22, 23)
(13, 19, 21, 22, 29)
(13, 19, 21, 23, 29)
(13, 19, 22, 23, 29)
(13, 19, 23, 29, 30)
(13, 21, 22, 23, 29)
(14, 15, 17, 19, 23)
(14, 15, 17, 19, 29)
(14, 15, 17, 23, 29)
(14, 15, 19, 23, 29)
(14, 17, 19, 23, 29)
(15, 17, 19, 22, 23)
(15, 17, 19, 22, 29)
(15, 17, 19, 23, 26)
(15, 17, 19, 23, 29)
(15, 17, 19, 26, 29)
(15, 17, 22, 23, 29)
(15, 17, 23, 26, 29)
(15, 19, 22, 23, 29)
(15, 19, 23, 26, 29)
(17, 19, 21, 22, 23)
(17, 19, 21, 22, 29)
(17, 19, 21, 23, 26)
(17, 19, 21, 23, 29)
(17, 19, 21, 26, 29)
(17, 19, 22, 23, 29)
(17, 19, 23, 26, 29)
(17, 19, 23, 29, 30)
(17, 21, 22, 23, 29)
(17, 21, 23, 26, 29)
(19, 21, 22, 23, 29)
(19, 21, 23, 26, 29)
(2, 3, 5, 7, 11, 13)
(2, 3, 5, 7, 11, 17)
(2, 3, 5, 7, 11, 19)
(2, 3, 5, 7, 11, 23)
(2, 3, 5, 7, 11, 29)
(2, 3, 5, 7, 13, 17)
(2, 3, 5, 7, 13, 19)
(2, 3, 5, 7, 13, 23)
(2, 3, 5, 7, 13, 29)
(2, 3, 5, 7, 17, 19)
(2, 3, 5, 7, 17, 23)
(2, 3, 5, 7, 17, 29)
(2, 3, 5, 7, 19, 23)
(2, 3, 5, 7, 19, 29)
(2, 3, 5, 7, 23, 29)
(2, 3, 5, 11, 13, 17)
(2, 3, 5, 11, 13, 19)
(2, 3, 5, 11, 13, 23)
(2, 3, 5, 11, 13, 29)
(2, 3, 5, 11, 17, 19)
(2, 3, 5, 11, 17, 23)
(2, 3, 5, 11, 17, 29)
(2, 3, 5, 11, 19, 23)
(2, 3, 5, 11, 19, 29)
(2, 3, 5, 11, 23, 29)
(2, 3, 5, 13, 17, 19)
(2, 3, 5, 13, 17, 23)
(2, 3, 5, 13, 17, 29)
(2, 3, 5, 13, 19, 23)
(2, 3, 5, 13, 19, 29)
(2, 3, 5, 13, 23, 29)
(2, 3, 5, 17, 19, 23)
(2, 3, 5, 17, 19, 29)
(2, 3, 5, 17, 23, 29)
(2, 3, 5, 19, 23, 29)
(2, 3, 7, 11, 13, 17)
(2, 3, 7, 11, 13, 19)
(2, 3, 7, 11, 13, 23)
(2, 3, 7, 11, 13, 29)
(2, 3, 7, 11, 17, 19)
(2, 3, 7, 11, 17, 23)
(2, 3, 7, 11, 17, 29)
(2, 3, 7, 11, 19, 23)
(2, 3, 7, 11, 19, 29)
(2, 3, 7, 11, 23, 29)
(2, 3, 7, 13, 17, 19)
(2, 3, 7, 13, 17, 23)
(2, 3, 7, 13, 17, 29)
(2, 3, 7, 13, 19, 23)
(2, 3, 7, 13, 19, 29)
(2, 3, 7, 13, 23, 29)
(2, 3, 7, 17, 19, 23)
(2, 3, 7, 17, 19, 29)
(2, 3, 7, 17, 23, 29)
(2, 3, 7, 19, 23, 29)
(2, 3, 11, 13, 17, 19)
(2, 3, 11, 13, 17, 23)
(2, 3, 11, 13, 17, 29)
(2, 3, 11, 13, 19, 23)
(2, 3, 11, 13, 19, 29)
(2, 3, 11, 13, 23, 29)
(2, 3, 11, 17, 19, 23)
(2, 3, 11, 17, 19, 29)
(2, 3, 11, 17, 23, 29)
(2, 3, 11, 19, 23, 29)
(2, 3, 13, 17, 19, 23)
(2, 3, 13, 17, 19, 29)
(2, 3, 13, 17, 23, 29)
(2, 3, 13, 19, 23, 29)
(2, 3, 17, 19, 23, 29)
(2, 5, 7, 11, 13, 17)
(2, 5, 7, 11, 13, 19)
(2, 5, 7, 11, 13, 23)
(2, 5, 7, 11, 13, 29)
(2, 5, 7, 11, 17, 19)
(2, 5, 7, 11, 17, 23)
(2, 5, 7, 11, 17, 29)
(2, 5, 7, 11, 19, 23)
(2, 5, 7, 11, 19, 29)
(2, 5, 7, 11, 23, 29)
(2, 5, 7, 13, 17, 19)
(2, 5, 7, 13, 17, 23)
(2, 5, 7, 13, 17, 29)
(2, 5, 7, 13, 19, 23)
(2, 5, 7, 13, 19, 29)
(2, 5, 7, 13, 23, 29)
(2, 5, 7, 17, 19, 23)
(2, 5, 7, 17, 19, 29)
(2, 5, 7, 17, 23, 29)
(2, 5, 7, 19, 23, 29)
(2, 5, 11, 13, 17, 19)
(2, 5, 11, 13, 17, 21)
(2, 5, 11, 13, 17, 23)
(2, 5, 11, 13, 17, 29)
(2, 5, 11, 13, 19, 21)
(2, 5, 11, 13, 19, 23)
(2, 5, 11, 13, 19, 29)
(2, 5, 11, 13, 21, 23)
(2, 5, 11, 13, 21, 29)
(2, 5, 11, 13, 23, 29)
(2, 5, 11, 17, 19, 21)
(2, 5, 11, 17, 19, 23)
(2, 5, 11, 17, 19, 29)
(2, 5, 11, 17, 21, 23)
(2, 5, 11, 17, 21, 29)
(2, 5, 11, 17, 23, 29)
(2, 5, 11, 19, 21, 23)
(2, 5, 11, 19, 21, 29)
(2, 5, 11, 19, 23, 29)
(2, 5, 11, 21, 23, 29)
(2, 5, 13, 17, 19, 21)
(2, 5, 13, 17, 19, 23)
(2, 5, 13, 17, 19, 29)
(2, 5, 13, 17, 21, 23)
(2, 5, 13, 17, 21, 29)
(2, 5, 13, 17, 23, 29)
(2, 5, 13, 19, 21, 23)
(2, 5, 13, 19, 21, 29)
(2, 5, 13, 19, 23, 29)
(2, 5, 13, 21, 23, 29)
(2, 5, 17, 19, 21, 23)
(2, 5, 17, 19, 21, 29)
(2, 5, 17, 19, 23, 29)
(2, 5, 17, 21, 23, 29)
(2, 5, 19, 21, 23, 29)
(2, 7, 11, 13, 15, 17)
(2, 7, 11, 13, 15, 19)
(2, 7, 11, 13, 15, 23)
(2, 7, 11, 13, 15, 29)
(2, 7, 11, 13, 17, 19)
(2, 7, 11, 13, 17, 23)
(2, 7, 11, 13, 17, 29)
(2, 7, 11, 13, 19, 23)
(2, 7, 11, 13, 19, 29)
(2, 7, 11, 13, 23, 29)
(2, 7, 11, 15, 17, 19)
(2, 7, 11, 15, 17, 23)
(2, 7, 11, 15, 17, 29)
(2, 7, 11, 15, 19, 23)
(2, 7, 11, 15, 19, 29)
(2, 7, 11, 15, 23, 29)
(2, 7, 11, 17, 19, 23)
(2, 7, 11, 17, 19, 29)
(2, 7, 11, 17, 23, 29)
(2, 7, 11, 19, 23, 29)
(2, 7, 13, 15, 17, 19)
(2, 7, 13, 15, 17, 23)
(2, 7, 13, 15, 17, 29)
(2, 7, 13, 15, 19, 23)
(2, 7, 13, 15, 19, 29)
(2, 7, 13, 15, 23, 29)
(2, 7, 13, 17, 19, 23)
(2, 7, 13, 17, 19, 29)
(2, 7, 13, 17, 23, 29)
(2, 7, 13, 19, 23, 29)
(2, 7, 15, 17, 19, 23)
(2, 7, 15, 17, 19, 29)
(2, 7, 15, 17, 23, 29)
(2, 7, 15, 19, 23, 29)
(2, 7, 17, 19, 23, 29)
(2, 11, 13, 15, 17, 19)
(2, 11, 13, 15, 17, 23)
(2, 11, 13, 15, 17, 29)
(2, 11, 13, 15, 19, 23)
(2, 11, 13, 15, 19, 29)
(2, 11, 13, 15, 23, 29)
(2, 11, 13, 17, 19, 21)
(2, 11, 13, 17, 19, 23)
(2, 11, 13, 17, 19, 29)
(2, 11, 13, 17, 21, 23)
(2, 11, 13, 17, 21, 29)
(2, 11, 13, 17, 23, 29)
(2, 11, 13, 19, 21, 23)
(2, 11, 13, 19, 21, 29)
(2, 11, 13, 19, 23, 29)
(2, 11, 13, 21, 23, 29)
(2, 11, 15, 17, 19, 23)
(2, 11, 15, 17, 19, 29)
(2, 11, 15, 17, 23, 29)
(2, 11, 15, 19, 23, 29)
(2, 11, 17, 19, 21, 23)
(2, 11, 17, 19, 21, 29)
(2, 11, 17, 19, 23, 29)
(2, 11, 17, 21, 23, 29)
(2, 11, 19, 21, 23, 29)
(2, 13, 15, 17, 19, 23)
(2, 13, 15, 17, 19, 29)
(2, 13, 15, 17, 23, 29)
(2, 13, 15, 19, 23, 29)
(2, 13, 17, 19, 21, 23)
(2, 13, 17, 19, 21, 29)
(2, 13, 17, 19, 23, 29)
(2, 13, 17, 21, 23, 29)
(2, 13, 19, 21, 23, 29)
(2, 15, 17, 19, 23, 29)
(2, 17, 19, 21, 23, 29)
(3, 5, 7, 11, 13, 17)
(3, 5, 7, 11, 13, 19)
(3, 5, 7, 11, 13, 23)
(3, 5, 7, 11, 13, 29)
(3, 5, 7, 11, 17, 19)
(3, 5, 7, 11, 17, 23)
(3, 5, 7, 11, 17, 26)
(3, 5, 7, 11, 17, 29)
(3, 5, 7, 11, 19, 23)
(3, 5, 7, 11, 19, 26)
(3, 5, 7, 11, 19, 29)
(3, 5, 7, 11, 23, 26)
(3, 5, 7, 11, 23, 29)
(3, 5, 7, 11, 26, 29)
(3, 5, 7, 13, 17, 19)
(3, 5, 7, 13, 17, 22)
(3, 5, 7, 13, 17, 23)
(3, 5, 7, 13, 17, 29)
(3, 5, 7, 13, 19, 22)
(3, 5, 7, 13, 19, 23)
(3, 5, 7, 13, 19, 29)
(3, 5, 7, 13, 22, 23)
(3, 5, 7, 13, 22, 29)
(3, 5, 7, 13, 23, 29)
(3, 5, 7, 17, 19, 22)
(3, 5, 7, 17, 19, 23)
(3, 5, 7, 17, 19, 26)
(3, 5, 7, 17, 19, 29)
(3, 5, 7, 17, 22, 23)
(3, 5, 7, 17, 22, 29)
(3, 5, 7, 17, 23, 26)
(3, 5, 7, 17, 23, 29)
(3, 5, 7, 17, 26, 29)
(3, 5, 7, 19, 22, 23)
(3, 5, 7, 19, 22, 29)
(3, 5, 7, 19, 23, 26)
(3, 5, 7, 19, 23, 29)
(3, 5, 7, 19, 26, 29)
(3, 5, 7, 22, 23, 29)
(3, 5, 7, 23, 26, 29)
(3, 5, 11, 13, 14, 17)
(3, 5, 11, 13, 14, 19)
(3, 5, 11, 13, 14, 23)
(3, 5, 11, 13, 14, 29)
(3, 5, 11, 13, 17, 19)
(3, 5, 11, 13, 17, 23)
(3, 5, 11, 13, 17, 29)
(3, 5, 11, 13, 19, 23)
(3, 5, 11, 13, 19, 29)
(3, 5, 11, 13, 23, 29)
(3, 5, 11, 14, 17, 19)
(3, 5, 11, 14, 17, 23)
(3, 5, 11, 14, 17, 29)
(3, 5, 11, 14, 19, 23)
(3, 5, 11, 14, 19, 29)
(3, 5, 11, 14, 23, 29)
(3, 5, 11, 17, 19, 23)
(3, 5, 11, 17, 19, 26)
(3, 5, 11, 17, 19, 29)
(3, 5, 11, 17, 23, 26)
(3, 5, 11, 17, 23, 29)
(3, 5, 11, 17, 26, 29)
(3, 5, 11, 19, 23, 26)
(3, 5, 11, 19, 23, 29)
(3, 5, 11, 19, 26, 29)
(3, 5, 11, 23, 26, 29)
(3, 5, 13, 14, 17, 19)
(3, 5, 13, 14, 17, 23)
(3, 5, 13, 14, 17, 29)
(3, 5, 13, 14, 19, 23)
(3, 5, 13, 14, 19, 29)
(3, 5, 13, 14, 23, 29)
(3, 5, 13, 17, 19, 22)
(3, 5, 13, 17, 19, 23)
(3, 5, 13, 17, 19, 29)
(3, 5, 13, 17, 22, 23)
(3, 5, 13, 17, 22, 29)
(3, 5, 13, 17, 23, 29)
(3, 5, 13, 19, 22, 23)
(3, 5, 13, 19, 22, 29)
(3, 5, 13, 19, 23, 29)
(3, 5, 13, 22, 23, 29)
(3, 5, 14, 17, 19, 23)
(3, 5, 14, 17, 19, 29)
(3, 5, 14, 17, 23, 29)
(3, 5, 14, 19, 23, 29)
(3, 5, 17, 19, 22, 23)
(3, 5, 17, 19, 22, 29)
(3, 5, 17, 19, 23, 26)
(3, 5, 17, 19, 23, 29)
(3, 5, 17, 19, 26, 29)
(3, 5, 17, 22, 23, 29)
(3, 5, 17, 23, 26, 29)
(3, 5, 19, 22, 23, 29)
(3, 5, 19, 23, 26, 29)
(3, 7, 10, 11, 13, 17)
(3, 7, 10, 11, 13, 19)
(3, 7, 10, 11, 13, 23)
(3, 7, 10, 11, 13, 29)
(3, 7, 10, 11, 17, 19)
(3, 7, 10, 11, 17, 23)
(3, 7, 10, 11, 17, 29)
(3, 7, 10, 11, 19, 23)
(3, 7, 10, 11, 19, 29)
(3, 7, 10, 11, 23, 29)
(3, 7, 10, 13, 17, 19)
(3, 7, 10, 13, 17, 23)
(3, 7, 10, 13, 17, 29)
(3, 7, 10, 13, 19, 23)
(3, 7, 10, 13, 19, 29)
(3, 7, 10, 13, 23, 29)
(3, 7, 10, 17, 19, 23)
(3, 7, 10, 17, 19, 29)
(3, 7, 10, 17, 23, 29)
(3, 7, 10, 19, 23, 29)
(3, 7, 11, 13, 17, 19)
(3, 7, 11, 13, 17, 23)
(3, 7, 11, 13, 17, 29)
(3, 7, 11, 13, 19, 23)
(3, 7, 11, 13, 19, 29)
(3, 7, 11, 13, 23, 29)
(3, 7, 11, 17, 19, 23)
(3, 7, 11, 17, 19, 26)
(3, 7, 11, 17, 19, 29)
(3, 7, 11, 17, 23, 26)
(3, 7, 11, 17, 23, 29)
(3, 7, 11, 17, 26, 29)
(3, 7, 11, 19, 23, 26)
(3, 7, 11, 19, 23, 29)
(3, 7, 11, 19, 26, 29)
(3, 7, 11, 23, 26, 29)
(3, 7, 13, 17, 19, 22)
(3, 7, 13, 17, 19, 23)
(3, 7, 13, 17, 19, 29)
(3, 7, 13, 17, 22, 23)
(3, 7, 13, 17, 22, 29)
(3, 7, 13, 17, 23, 29)
(3, 7, 13, 19, 22, 23)
(3, 7, 13, 19, 22, 29)
(3, 7, 13, 19, 23, 29)
(3, 7, 13, 22, 23, 29)
(3, 7, 17, 19, 22, 23)
(3, 7, 17, 19, 22, 29)
(3, 7, 17, 19, 23, 26)
(3, 7, 17, 19, 23, 29)
(3, 7, 17, 19, 26, 29)
(3, 7, 17, 22, 23, 29)
(3, 7, 17, 23, 26, 29)
(3, 7, 19, 22, 23, 29)
(3, 7, 19, 23, 26, 29)
(3, 10, 11, 13, 17, 19)
(3, 10, 11, 13, 17, 23)
(3, 10, 11, 13, 17, 29)
(3, 10, 11, 13, 19, 23)
(3, 10, 11, 13, 19, 29)
(3, 10, 11, 13, 23, 29)
(3, 10, 11, 17, 19, 23)
(3, 10, 11, 17, 19, 29)
(3, 10, 11, 17, 23, 29)
(3, 10, 11, 19, 23, 29)
(3, 10, 13, 17, 19, 23)
(3, 10, 13, 17, 19, 29)
(3, 10, 13, 17, 23, 29)
(3, 10, 13, 19, 23, 29)
(3, 10, 17, 19, 23, 29)
(3, 11, 13, 14, 17, 19)
(3, 11, 13, 14, 17, 23)
(3, 11, 13, 14, 17, 29)
(3, 11, 13, 14, 19, 23)
(3, 11, 13, 14, 19, 29)
(3, 11, 13, 14, 23, 29)
(3, 11, 13, 17, 19, 23)
(3, 11, 13, 17, 19, 29)
(3, 11, 13, 17, 23, 29)
(3, 11, 13, 19, 23, 29)
(3, 11, 14, 17, 19, 23)
(3, 11, 14, 17, 19, 29)
(3, 11, 14, 17, 23, 29)
(3, 11, 14, 19, 23, 29)
(3, 11, 17, 19, 23, 26)
(3, 11, 17, 19, 23, 29)
(3, 11, 17, 19, 26, 29)
(3, 11, 17, 23, 26, 29)
(3, 11, 19, 23, 26, 29)
(3, 13, 14, 17, 19, 23)
(3, 13, 14, 17, 19, 29)
(3, 13, 14, 17, 23, 29)
(3, 13, 14, 19, 23, 29)
(3, 13, 17, 19, 22, 23)
(3, 13, 17, 19, 22, 29)
(3, 13, 17, 19, 23, 29)
(3, 13, 17, 22, 23, 29)
(3, 13, 19, 22, 23, 29)
(3, 14, 17, 19, 23, 29)
(3, 17, 19, 22, 23, 29)
(3, 17, 19, 23, 26, 29)
(5, 6, 7, 11, 13, 17)
(5, 6, 7, 11, 13, 19)
(5, 6, 7, 11, 13, 23)
(5, 6, 7, 11, 13, 29)
(5, 6, 7, 11, 17, 19)
(5, 6, 7, 11, 17, 23)
(5, 6, 7, 11, 17, 29)
(5, 6, 7, 11, 19, 23)
(5, 6, 7, 11, 19, 29)
(5, 6, 7, 11, 23, 29)
(5, 6, 7, 13, 17, 19)
(5, 6, 7, 13, 17, 23)
(5, 6, 7, 13, 17, 29)
(5, 6, 7, 13, 19, 23)
(5, 6, 7, 13, 19, 29)
(5, 6, 7, 13, 23, 29)
(5, 6, 7, 17, 19, 23)
(5, 6, 7, 17, 19, 29)
(5, 6, 7, 17, 23, 29)
(5, 6, 7, 19, 23, 29)
(5, 6, 11, 13, 17, 19)
(5, 6, 11, 13, 17, 23)
(5, 6, 11, 13, 17, 29)
(5, 6, 11, 13, 19, 23)
(5, 6, 11, 13, 19, 29)
(5, 6, 11, 13, 23, 29)
(5, 6, 11, 17, 19, 23)
(5, 6, 11, 17, 19, 29)
(5, 6, 11, 17, 23, 29)
(5, 6, 11, 19, 23, 29)
(5, 6, 13, 17, 19, 23)
(5, 6, 13, 17, 19, 29)
(5, 6, 13, 17, 23, 29)
(5, 6, 13, 19, 23, 29)
(5, 6, 17, 19, 23, 29)
(5, 7, 11, 13, 17, 19)
(5, 7, 11, 13, 17, 23)
(5, 7, 11, 13, 17, 29)
(5, 7, 11, 13, 19, 23)
(5, 7, 11, 13, 19, 29)
(5, 7, 11, 13, 23, 29)
(5, 7, 11, 17, 19, 23)
(5, 7, 11, 17, 19, 26)
(5, 7, 11, 17, 19, 29)
(5, 7, 11, 17, 23, 26)
(5, 7, 11, 17, 23, 29)
(5, 7, 11, 17, 26, 29)
(5, 7, 11, 19, 23, 26)
(5, 7, 11, 19, 23, 29)
(5, 7, 11, 19, 26, 29)
(5, 7, 11, 23, 26, 29)
(5, 7, 13, 17, 19, 22)
(5, 7, 13, 17, 19, 23)
(5, 7, 13, 17, 19, 29)
(5, 7, 13, 17, 22, 23)
(5, 7, 13, 17, 22, 29)
(5, 7, 13, 17, 23, 29)
(5, 7, 13, 19, 22, 23)
(5, 7, 13, 19, 22, 29)
(5, 7, 13, 19, 23, 29)
(5, 7, 13, 22, 23, 29)
(5, 7, 17, 19, 22, 23)
(5, 7, 17, 19, 22, 29)
(5, 7, 17, 19, 23, 26)
(5, 7, 17, 19, 23, 29)
(5, 7, 17, 19, 26, 29)
(5, 7, 17, 22, 23, 29)
(5, 7, 17, 23, 26, 29)
(5, 7, 19, 22, 23, 29)
(5, 7, 19, 23, 26, 29)
(5, 11, 13, 14, 17, 19)
(5, 11, 13, 14, 17, 23)
(5, 11, 13, 14, 17, 29)
(5, 11, 13, 14, 19, 23)
(5, 11, 13, 14, 19, 29)
(5, 11, 13, 14, 23, 29)
(5, 11, 13, 17, 19, 21)
(5, 11, 13, 17, 19, 23)
(5, 11, 13, 17, 19, 29)
(5, 11, 13, 17, 21, 23)
(5, 11, 13, 17, 21, 29)
(5, 11, 13, 17, 23, 29)
(5, 11, 13, 19, 21, 23)
(5, 11, 13, 19, 21, 29)
(5, 11, 13, 19, 23, 29)
(5, 11, 13, 21, 23, 29)
(5, 11, 14, 17, 19, 23)
(5, 11, 14, 17, 19, 29)
(5, 11, 14, 17, 23, 29)
(5, 11, 14, 19, 23, 29)
(5, 11, 17, 19, 21, 23)
(5, 11, 17, 19, 21, 26)
(5, 11, 17, 19, 21, 29)
(5, 11, 17, 19, 23, 26)
(5, 11, 17, 19, 23, 29)
(5, 11, 17, 19, 26, 29)
(5, 11, 17, 21, 23, 26)
(5, 11, 17, 21, 23, 29)
(5, 11, 17, 21, 26, 29)
(5, 11, 17, 23, 26, 29)
(5, 11, 19, 21, 23, 26)
(5, 11, 19, 21, 23, 29)
(5, 11, 19, 21, 26, 29)
(5, 11, 19, 23, 26, 29)
(5, 11, 21, 23, 26, 29)
(5, 13, 14, 17, 19, 23)
(5, 13, 14, 17, 19, 29)
(5, 13, 14, 17, 23, 29)
(5, 13, 14, 19, 23, 29)
(5, 13, 17, 19, 21, 22)
(5, 13, 17, 19, 21, 23)
(5, 13, 17, 19, 21, 29)
(5, 13, 17, 19, 22, 23)
(5, 13, 17, 19, 22, 29)
(5, 13, 17, 19, 23, 29)
(5, 13, 17, 21, 22, 23)
(5, 13, 17, 21, 22, 29)
(5, 13, 17, 21, 23, 29)
(5, 13, 17, 22, 23, 29)
(5, 13, 19, 21, 22, 23)
(5, 13, 19, 21, 22, 29)
(5, 13, 19, 21, 23, 29)
(5, 13, 19, 22, 23, 29)
(5, 13, 21, 22, 23, 29)
(5, 14, 17, 19, 23, 29)
(5, 17, 19, 21, 22, 23)
(5, 17, 19, 21, 22, 29)
(5, 17, 19, 21, 23, 26)
(5, 17, 19, 21, 23, 29)
(5, 17, 19, 21, 26, 29)
(5, 17, 19, 22, 23, 29)
(5, 17, 19, 23, 26, 29)
(5, 17, 21, 22, 23, 29)
(5, 17, 21, 23, 26, 29)
(5, 19, 21, 22, 23, 29)
(5, 19, 21, 23, 26, 29)
(6, 7, 11, 13, 17, 19)
(6, 7, 11, 13, 17, 23)
(6, 7, 11, 13, 17, 29)
(6, 7, 11, 13, 19, 23)
(6, 7, 11, 13, 19, 29)
(6, 7, 11, 13, 23, 29)
(6, 7, 11, 17, 19, 23)
(6, 7, 11, 17, 19, 29)
(6, 7, 11, 17, 23, 29)
(6, 7, 11, 19, 23, 29)
(6, 7, 13, 17, 19, 23)
(6, 7, 13, 17, 19, 29)
(6, 7, 13, 17, 23, 29)
(6, 7, 13, 19, 23, 29)
(6, 7, 17, 19, 23, 29)
(6, 11, 13, 17, 19, 23)
(6, 11, 13, 17, 19, 29)
(6, 11, 13, 17, 23, 29)
(6, 11, 13, 19, 23, 29)
(6, 11, 17, 19, 23, 29)
(6, 13, 17, 19, 23, 29)
(7, 10, 11, 13, 17, 19)
(7, 10, 11, 13, 17, 23)
(7, 10, 11, 13, 17, 29)
(7, 10, 11, 13, 19, 23)
(7, 10, 11, 13, 19, 29)
(7, 10, 11, 13, 23, 29)
(7, 10, 11, 17, 19, 23)
(7, 10, 11, 17, 19, 29)
(7, 10, 11, 17, 23, 29)
(7, 10, 11, 19, 23, 29)
(7, 10, 13, 17, 19, 23)
(7, 10, 13, 17, 19, 29)
(7, 10, 13, 17, 23, 29)
(7, 10, 13, 19, 23, 29)
(7, 10, 17, 19, 23, 29)
(7, 11, 13, 15, 17, 19)
(7, 11, 13, 15, 17, 23)
(7, 11, 13, 15, 17, 29)
(7, 11, 13, 15, 19, 23)
(7, 11, 13, 15, 19, 29)
(7, 11, 13, 15, 23, 29)
(7, 11, 13, 17, 19, 23)
(7, 11, 13, 17, 19, 29)
(7, 11, 13, 17, 19, 30)
(7, 11, 13, 17, 23, 29)
(7, 11, 13, 17, 23, 30)
(7, 11, 13, 17, 29, 30)
(7, 11, 13, 19, 23, 29)
(7, 11, 13, 19, 23, 30)
(7, 11, 13, 19, 29, 30)
(7, 11, 13, 23, 29, 30)
(7, 11, 15, 17, 19, 23)
(7, 11, 15, 17, 19, 26)
(7, 11, 15, 17, 19, 29)
(7, 11, 15, 17, 23, 26)
(7, 11, 15, 17, 23, 29)
(7, 11, 15, 17, 26, 29)
(7, 11, 15, 19, 23, 26)
(7, 11, 15, 19, 23, 29)
(7, 11, 15, 19, 26, 29)
(7, 11, 15, 23, 26, 29)
(7, 11, 17, 19, 23, 26)
(7, 11, 17, 19, 23, 29)
(7, 11, 17, 19, 23, 30)
(7, 11, 17, 19, 26, 29)
(7, 11, 17, 19, 29, 30)
(7, 11, 17, 23, 26, 29)
(7, 11, 17, 23, 29, 30)
(7, 11, 19, 23, 26, 29)
(7, 11, 19, 23, 29, 30)
(7, 13, 15, 17, 19, 22)
(7, 13, 15, 17, 19, 23)
(7, 13, 15, 17, 19, 29)
(7, 13, 15, 17, 22, 23)
(7, 13, 15, 17, 22, 29)
(7, 13, 15, 17, 23, 29)
(7, 13, 15, 19, 22, 23)
(7, 13, 15, 19, 22, 29)
(7, 13, 15, 19, 23, 29)
(7, 13, 15, 22, 23, 29)
(7, 13, 17, 19, 22, 23)
(7, 13, 17, 19, 22, 29)
(7, 13, 17, 19, 23, 29)
(7, 13, 17, 19, 23, 30)
(7, 13, 17, 19, 29, 30)
(7, 13, 17, 22, 23, 29)
(7, 13, 17, 23, 29, 30)
(7, 13, 19, 22, 23, 29)
(7, 13, 19, 23, 29, 30)
(7, 15, 17, 19, 22, 23)
(7, 15, 17, 19, 22, 29)
(7, 15, 17, 19, 23, 26)
(7, 15, 17, 19, 23, 29)
(7, 15, 17, 19, 26, 29)
(7, 15, 17, 22, 23, 29)
(7, 15, 17, 23, 26, 29)
(7, 15, 19, 22, 23, 29)
(7, 15, 19, 23, 26, 29)
(7, 17, 19, 22, 23, 29)
(7, 17, 19, 23, 26, 29)
(7, 17, 19, 23, 29, 30)
(10, 11, 13, 17, 19, 21)
(10, 11, 13, 17, 19, 23)
(10, 11, 13, 17, 19, 29)
(10, 11, 13, 17, 21, 23)
(10, 11, 13, 17, 21, 29)
(10, 11, 13, 17, 23, 29)
(10, 11, 13, 19, 21, 23)
(10, 11, 13, 19, 21, 29)
(10, 11, 13, 19, 23, 29)
(10, 11, 13, 21, 23, 29)
(10, 11, 17, 19, 21, 23)
(10, 11, 17, 19, 21, 29)
(10, 11, 17, 19, 23, 29)
(10, 11, 17, 21, 23, 29)
(10, 11, 19, 21, 23, 29)
(10, 13, 17, 19, 21, 23)
(10, 13, 17, 19, 21, 29)
(10, 13, 17, 19, 23, 29)
(10, 13, 17, 21, 23, 29)
(10, 13, 19, 21, 23, 29)
(10, 17, 19, 21, 23, 29)
(11, 13, 14, 15, 17, 19)
(11, 13, 14, 15, 17, 23)
(11, 13, 14, 15, 17, 29)
(11, 13, 14, 15, 19, 23)
(11, 13, 14, 15, 19, 29)
(11, 13, 14, 15, 23, 29)
(11, 13, 14, 17, 19, 23)
(11, 13, 14, 17, 19, 29)
(11, 13, 14, 17, 23, 29)
(11, 13, 14, 19, 23, 29)
(11, 13, 15, 17, 19, 23)
(11, 13, 15, 17, 19, 29)
(11, 13, 15, 17, 23, 29)
(11, 13, 15, 19, 23, 29)
(11, 13, 17, 19, 21, 23)
(11, 13, 17, 19, 21, 29)
(11, 13, 17, 19, 23, 29)
(11, 13, 17, 19, 23, 30)
(11, 13, 17, 19, 29, 30)
(11, 13, 17, 21, 23, 29)
(11, 13, 17, 23, 29, 30)
(11, 13, 19, 21, 23, 29)
(11, 13, 19, 23, 29, 30)
(11, 14, 15, 17, 19, 23)
(11, 14, 15, 17, 19, 29)
(11, 14, 15, 17, 23, 29)
(11, 14, 15, 19, 23, 29)
(11, 14, 17, 19, 23, 29)
(11, 15, 17, 19, 23, 26)
(11, 15, 17, 19, 23, 29)
(11, 15, 17, 19, 26, 29)
(11, 15, 17, 23, 26, 29)
(11, 15, 19, 23, 26, 29)
(11, 17, 19, 21, 23, 26)
(11, 17, 19, 21, 23, 29)
(11, 17, 19, 21, 26, 29)
(11, 17, 19, 23, 26, 29)
(11, 17, 19, 23, 29, 30)
(11, 17, 21, 23, 26, 29)
(11, 19, 21, 23, 26, 29)
(13, 14, 15, 17, 19, 23)
(13, 14, 15, 17, 19, 29)
(13, 14, 15, 17, 23, 29)
(13, 14, 15, 19, 23, 29)
(13, 14, 17, 19, 23, 29)
(13, 15, 17, 19, 22, 23)
(13, 15, 17, 19, 22, 29)
(13, 15, 17, 19, 23, 29)
(13, 15, 17, 22, 23, 29)
(13, 15, 19, 22, 23, 29)
(13, 17, 19, 21, 22, 23)
(13, 17, 19, 21, 22, 29)
(13, 17, 19, 21, 23, 29)
(13, 17, 19, 22, 23, 29)
(13, 17, 19, 23, 29, 30)
(13, 17, 21, 22, 23, 29)
(13, 19, 21, 22, 23, 29)
(14, 15, 17, 19, 23, 29)
(15, 17, 19, 22, 23, 29)
(15, 17, 19, 23, 26, 29)
(17, 19, 21, 22, 23, 29)
(17, 19, 21, 23, 26, 29)
(2, 3, 5, 7, 11, 13, 17)
(2, 3, 5, 7, 11, 13, 19)
(2, 3, 5, 7, 11, 13, 23)
(2, 3, 5, 7, 11, 13, 29)
(2, 3, 5, 7, 11, 17, 19)
(2, 3, 5, 7, 11, 17, 23)
(2, 3, 5, 7, 11, 17, 29)
(2, 3, 5, 7, 11, 19, 23)
(2, 3, 5, 7, 11, 19, 29)
(2, 3, 5, 7, 11, 23, 29)
(2, 3, 5, 7, 13, 17, 19)
(2, 3, 5, 7, 13, 17, 23)
(2, 3, 5, 7, 13, 17, 29)
(2, 3, 5, 7, 13, 19, 23)
(2, 3, 5, 7, 13, 19, 29)
(2, 3, 5, 7, 13, 23, 29)
(2, 3, 5, 7, 17, 19, 23)
(2, 3, 5, 7, 17, 19, 29)
(2, 3, 5, 7, 17, 23, 29)
(2, 3, 5, 7, 19, 23, 29)
(2, 3, 5, 11, 13, 17, 19)
(2, 3, 5, 11, 13, 17, 23)
(2, 3, 5, 11, 13, 17, 29)
(2, 3, 5, 11, 13, 19, 23)
(2, 3, 5, 11, 13, 19, 29)
(2, 3, 5, 11, 13, 23, 29)
(2, 3, 5, 11, 17, 19, 23)
(2, 3, 5, 11, 17, 19, 29)
(2, 3, 5, 11, 17, 23, 29)
(2, 3, 5, 11, 19, 23, 29)
(2, 3, 5, 13, 17, 19, 23)
(2, 3, 5, 13, 17, 19, 29)
(2, 3, 5, 13, 17, 23, 29)
(2, 3, 5, 13, 19, 23, 29)
(2, 3, 5, 17, 19, 23, 29)
(2, 3, 7, 11, 13, 17, 19)
(2, 3, 7, 11, 13, 17, 23)
(2, 3, 7, 11, 13, 17, 29)
(2, 3, 7, 11, 13, 19, 23)
(2, 3, 7, 11, 13, 19, 29)
(2, 3, 7, 11, 13, 23, 29)
(2, 3, 7, 11, 17, 19, 23)
(2, 3, 7, 11, 17, 19, 29)
(2, 3, 7, 11, 17, 23, 29)
(2, 3, 7, 11, 19, 23, 29)
(2, 3, 7, 13, 17, 19, 23)
(2, 3, 7, 13, 17, 19, 29)
(2, 3, 7, 13, 17, 23, 29)
(2, 3, 7, 13, 19, 23, 29)
(2, 3, 7, 17, 19, 23, 29)
(2, 3, 11, 13, 17, 19, 23)
(2, 3, 11, 13, 17, 19, 29)
(2, 3, 11, 13, 17, 23, 29)
(2, 3, 11, 13, 19, 23, 29)
(2, 3, 11, 17, 19, 23, 29)
(2, 3, 13, 17, 19, 23, 29)
(2, 5, 7, 11, 13, 17, 19)
(2, 5, 7, 11, 13, 17, 23)
(2, 5, 7, 11, 13, 17, 29)
(2, 5, 7, 11, 13, 19, 23)
(2, 5, 7, 11, 13, 19, 29)
(2, 5, 7, 11, 13, 23, 29)
(2, 5, 7, 11, 17, 19, 23)
(2, 5, 7, 11, 17, 19, 29)
(2, 5, 7, 11, 17, 23, 29)
(2, 5, 7, 11, 19, 23, 29)
(2, 5, 7, 13, 17, 19, 23)
(2, 5, 7, 13, 17, 19, 29)
(2, 5, 7, 13, 17, 23, 29)
(2, 5, 7, 13, 19, 23, 29)
(2, 5, 7, 17, 19, 23, 29)
(2, 5, 11, 13, 17, 19, 21)
(2, 5, 11, 13, 17, 19, 23)
(2, 5, 11, 13, 17, 19, 29)
(2, 5, 11, 13, 17, 21, 23)
(2, 5, 11, 13, 17, 21, 29)
(2, 5, 11, 13, 17, 23, 29)
(2, 5, 11, 13, 19, 21, 23)
(2, 5, 11, 13, 19, 21, 29)
(2, 5, 11, 13, 19, 23, 29)
(2, 5, 11, 13, 21, 23, 29)
(2, 5, 11, 17, 19, 21, 23)
(2, 5, 11, 17, 19, 21, 29)
(2, 5, 11, 17, 19, 23, 29)
(2, 5, 11, 17, 21, 23, 29)
(2, 5, 11, 19, 21, 23, 29)
(2, 5, 13, 17, 19, 21, 23)
(2, 5, 13, 17, 19, 21, 29)
(2, 5, 13, 17, 19, 23, 29)
(2, 5, 13, 17, 21, 23, 29)
(2, 5, 13, 19, 21, 23, 29)
(2, 5, 17, 19, 21, 23, 29)
(2, 7, 11, 13, 15, 17, 19)
(2, 7, 11, 13, 15, 17, 23)
(2, 7, 11, 13, 15, 17, 29)
(2, 7, 11, 13, 15, 19, 23)
(2, 7, 11, 13, 15, 19, 29)
(2, 7, 11, 13, 15, 23, 29)
(2, 7, 11, 13, 17, 19, 23)
(2, 7, 11, 13, 17, 19, 29)
(2, 7, 11, 13, 17, 23, 29)
(2, 7, 11, 13, 19, 23, 29)
(2, 7, 11, 15, 17, 19, 23)
(2, 7, 11, 15, 17, 19, 29)
(2, 7, 11, 15, 17, 23, 29)
(2, 7, 11, 15, 19, 23, 29)
(2, 7, 11, 17, 19, 23, 29)
(2, 7, 13, 15, 17, 19, 23)
(2, 7, 13, 15, 17, 19, 29)
(2, 7, 13, 15, 17, 23, 29)
(2, 7, 13, 15, 19, 23, 29)
(2, 7, 13, 17, 19, 23, 29)
(2, 7, 15, 17, 19, 23, 29)
(2, 11, 13, 15, 17, 19, 23)
(2, 11, 13, 15, 17, 19, 29)
(2, 11, 13, 15, 17, 23, 29)
(2, 11, 13, 15, 19, 23, 29)
(2, 11, 13, 17, 19, 21, 23)
(2, 11, 13, 17, 19, 21, 29)
(2, 11, 13, 17, 19, 23, 29)
(2, 11, 13, 17, 21, 23, 29)
(2, 11, 13, 19, 21, 23, 29)
(2, 11, 15, 17, 19, 23, 29)
(2, 11, 17, 19, 21, 23, 29)
(2, 13, 15, 17, 19, 23, 29)
(2, 13, 17, 19, 21, 23, 29)
(3, 5, 7, 11, 13, 17, 19)
(3, 5, 7, 11, 13, 17, 23)
(3, 5, 7, 11, 13, 17, 29)
(3, 5, 7, 11, 13, 19, 23)
(3, 5, 7, 11, 13, 19, 29)
(3, 5, 7, 11, 13, 23, 29)
(3, 5, 7, 11, 17, 19, 23)
(3, 5, 7, 11, 17, 19, 26)
(3, 5, 7, 11, 17, 19, 29)
(3, 5, 7, 11, 17, 23, 26)
(3, 5, 7, 11, 17, 23, 29)
(3, 5, 7, 11, 17, 26, 29)
(3, 5, 7, 11, 19, 23, 26)
(3, 5, 7, 11, 19, 23, 29)
(3, 5, 7, 11, 19, 26, 29)
(3, 5, 7, 11, 23, 26, 29)
(3, 5, 7, 13, 17, 19, 22)
(3, 5, 7, 13, 17, 19, 23)
(3, 5, 7, 13, 17, 19, 29)
(3, 5, 7, 13, 17, 22, 23)
(3, 5, 7, 13, 17, 22, 29)
(3, 5, 7, 13, 17, 23, 29)
(3, 5, 7, 13, 19, 22, 23)
(3, 5, 7, 13, 19, 22, 29)
(3, 5, 7, 13, 19, 23, 29)
(3, 5, 7, 13, 22, 23, 29)
(3, 5, 7, 17, 19, 22, 23)
(3, 5, 7, 17, 19, 22, 29)
(3, 5, 7, 17, 19, 23, 26)
(3, 5, 7, 17, 19, 23, 29)
(3, 5, 7, 17, 19, 26, 29)
(3, 5, 7, 17, 22, 23, 29)
(3, 5, 7, 17, 23, 26, 29)
(3, 5, 7, 19, 22, 23, 29)
(3, 5, 7, 19, 23, 26, 29)
(3, 5, 11, 13, 14, 17, 19)
(3, 5, 11, 13, 14, 17, 23)
(3, 5, 11, 13, 14, 17, 29)
(3, 5, 11, 13, 14, 19, 23)
(3, 5, 11, 13, 14, 19, 29)
(3, 5, 11, 13, 14, 23, 29)
(3, 5, 11, 13, 17, 19, 23)
(3, 5, 11, 13, 17, 19, 29)
(3, 5, 11, 13, 17, 23, 29)
(3, 5, 11, 13, 19, 23, 29)
(3, 5, 11, 14, 17, 19, 23)
(3, 5, 11, 14, 17, 19, 29)
(3, 5, 11, 14, 17, 23, 29)
(3, 5, 11, 14, 19, 23, 29)
(3, 5, 11, 17, 19, 23, 26)
(3, 5, 11, 17, 19, 23, 29)
(3, 5, 11, 17, 19, 26, 29)
(3, 5, 11, 17, 23, 26, 29)
(3, 5, 11, 19, 23, 26, 29)
(3, 5, 13, 14, 17, 19, 23)
(3, 5, 13, 14, 17, 19, 29)
(3, 5, 13, 14, 17, 23, 29)
(3, 5, 13, 14, 19, 23, 29)
(3, 5, 13, 17, 19, 22, 23)
(3, 5, 13, 17, 19, 22, 29)
(3, 5, 13, 17, 19, 23, 29)
(3, 5, 13, 17, 22, 23, 29)
(3, 5, 13, 19, 22, 23, 29)
(3, 5, 14, 17, 19, 23, 29)
(3, 5, 17, 19, 22, 23, 29)
(3, 5, 17, 19, 23, 26, 29)
(3, 7, 10, 11, 13, 17, 19)
(3, 7, 10, 11, 13, 17, 23)
(3, 7, 10, 11, 13, 17, 29)
(3, 7, 10, 11, 13, 19, 23)
(3, 7, 10, 11, 13, 19, 29)
(3, 7, 10, 11, 13, 23, 29)
(3, 7, 10, 11, 17, 19, 23)
(3, 7, 10, 11, 17, 19, 29)
(3, 7, 10, 11, 17, 23, 29)
(3, 7, 10, 11, 19, 23, 29)
(3, 7, 10, 13, 17, 19, 23)
(3, 7, 10, 13, 17, 19, 29)
(3, 7, 10, 13, 17, 23, 29)
(3, 7, 10, 13, 19, 23, 29)
(3, 7, 10, 17, 19, 23, 29)
(3, 7, 11, 13, 17, 19, 23)
(3, 7, 11, 13, 17, 19, 29)
(3, 7, 11, 13, 17, 23, 29)
(3, 7, 11, 13, 19, 23, 29)
(3, 7, 11, 17, 19, 23, 26)
(3, 7, 11, 17, 19, 23, 29)
(3, 7, 11, 17, 19, 26, 29)
(3, 7, 11, 17, 23, 26, 29)
(3, 7, 11, 19, 23, 26, 29)
(3, 7, 13, 17, 19, 22, 23)
(3, 7, 13, 17, 19, 22, 29)
(3, 7, 13, 17, 19, 23, 29)
(3, 7, 13, 17, 22, 23, 29)
(3, 7, 13, 19, 22, 23, 29)
(3, 7, 17, 19, 22, 23, 29)
(3, 7, 17, 19, 23, 26, 29)
(3, 10, 11, 13, 17, 19, 23)
(3, 10, 11, 13, 17, 19, 29)
(3, 10, 11, 13, 17, 23, 29)
(3, 10, 11, 13, 19, 23, 29)
(3, 10, 11, 17, 19, 23, 29)
(3, 10, 13, 17, 19, 23, 29)
(3, 11, 13, 14, 17, 19, 23)
(3, 11, 13, 14, 17, 19, 29)
(3, 11, 13, 14, 17, 23, 29)
(3, 11, 13, 14, 19, 23, 29)
(3, 11, 13, 17, 19, 23, 29)
(3, 11, 14, 17, 19, 23, 29)
(3, 11, 17, 19, 23, 26, 29)
(3, 13, 14, 17, 19, 23, 29)
(3, 13, 17, 19, 22, 23, 29)
(5, 6, 7, 11, 13, 17, 19)
(5, 6, 7, 11, 13, 17, 23)
(5, 6, 7, 11, 13, 17, 29)
(5, 6, 7, 11, 13, 19, 23)
(5, 6, 7, 11, 13, 19, 29)
(5, 6, 7, 11, 13, 23, 29)
(5, 6, 7, 11, 17, 19, 23)
(5, 6, 7, 11, 17, 19, 29)
(5, 6, 7, 11, 17, 23, 29)
(5, 6, 7, 11, 19, 23, 29)
(5, 6, 7, 13, 17, 19, 23)
(5, 6, 7, 13, 17, 19, 29)
(5, 6, 7, 13, 17, 23, 29)
(5, 6, 7, 13, 19, 23, 29)
(5, 6, 7, 17, 19, 23, 29)
(5, 6, 11, 13, 17, 19, 23)
(5, 6, 11, 13, 17, 19, 29)
(5, 6, 11, 13, 17, 23, 29)
(5, 6, 11, 13, 19, 23, 29)
(5, 6, 11, 17, 19, 23, 29)
(5, 6, 13, 17, 19, 23, 29)
(5, 7, 11, 13, 17, 19, 23)
(5, 7, 11, 13, 17, 19, 29)
(5, 7, 11, 13, 17, 23, 29)
(5, 7, 11, 13, 19, 23, 29)
(5, 7, 11, 17, 19, 23, 26)
(5, 7, 11, 17, 19, 23, 29)
(5, 7, 11, 17, 19, 26, 29)
(5, 7, 11, 17, 23, 26, 29)
(5, 7, 11, 19, 23, 26, 29)
(5, 7, 13, 17, 19, 22, 23)
(5, 7, 13, 17, 19, 22, 29)
(5, 7, 13, 17, 19, 23, 29)
(5, 7, 13, 17, 22, 23, 29)
(5, 7, 13, 19, 22, 23, 29)
(5, 7, 17, 19, 22, 23, 29)
(5, 7, 17, 19, 23, 26, 29)
(5, 11, 13, 14, 17, 19, 23)
(5, 11, 13, 14, 17, 19, 29)
(5, 11, 13, 14, 17, 23, 29)
(5, 11, 13, 14, 19, 23, 29)
(5, 11, 13, 17, 19, 21, 23)
(5, 11, 13, 17, 19, 21, 29)
(5, 11, 13, 17, 19, 23, 29)
(5, 11, 13, 17, 21, 23, 29)
(5, 11, 13, 19, 21, 23, 29)
(5, 11, 14, 17, 19, 23, 29)
(5, 11, 17, 19, 21, 23, 26)
(5, 11, 17, 19, 21, 23, 29)
(5, 11, 17, 19, 21, 26, 29)
(5, 11, 17, 19, 23, 26, 29)
(5, 11, 17, 21, 23, 26, 29)
(5, 11, 19, 21, 23, 26, 29)
(5, 13, 14, 17, 19, 23, 29)
(5, 13, 17, 19, 21, 22, 23)
(5, 13, 17, 19, 21, 22, 29)
(5, 13, 17, 19, 21, 23, 29)
(5, 13, 17, 19, 22, 23, 29)
(5, 13, 17, 21, 22, 23, 29)
(5, 13, 19, 21, 22, 23, 29)
(5, 17, 19, 21, 22, 23, 29)
(5, 17, 19, 21, 23, 26, 29)
(6, 7, 11, 13, 17, 19, 23)
(6, 7, 11, 13, 17, 19, 29)
(6, 7, 11, 13, 17, 23, 29)
(6, 7, 11, 13, 19, 23, 29)
(6, 7, 11, 17, 19, 23, 29)
(6, 7, 13, 17, 19, 23, 29)
(6, 11, 13, 17, 19, 23, 29)
(7, 10, 11, 13, 17, 19, 23)
(7, 10, 11, 13, 17, 19, 29)
(7, 10, 11, 13, 17, 23, 29)
(7, 10, 11, 13, 19, 23, 29)
(7, 10, 11, 17, 19, 23, 29)
(7, 10, 13, 17, 19, 23, 29)
(7, 11, 13, 15, 17, 19, 23)
(7, 11, 13, 15, 17, 19, 29)
(7, 11, 13, 15, 17, 23, 29)
(7, 11, 13, 15, 19, 23, 29)
(7, 11, 13, 17, 19, 23, 29)
(7, 11, 13, 17, 19, 23, 30)
(7, 11, 13, 17, 19, 29, 30)
(7, 11, 13, 17, 23, 29, 30)
(7, 11, 13, 19, 23, 29, 30)
(7, 11, 15, 17, 19, 23, 26)
(7, 11, 15, 17, 19, 23, 29)
(7, 11, 15, 17, 19, 26, 29)
(7, 11, 15, 17, 23, 26, 29)
(7, 11, 15, 19, 23, 26, 29)
(7, 11, 17, 19, 23, 26, 29)
(7, 11, 17, 19, 23, 29, 30)
(7, 13, 15, 17, 19, 22, 23)
(7, 13, 15, 17, 19, 22, 29)
(7, 13, 15, 17, 19, 23, 29)
(7, 13, 15, 17, 22, 23, 29)
(7, 13, 15, 19, 22, 23, 29)
(7, 13, 17, 19, 22, 23, 29)
(7, 13, 17, 19, 23, 29, 30)
(7, 15, 17, 19, 22, 23, 29)
(7, 15, 17, 19, 23, 26, 29)
(10, 11, 13, 17, 19, 21, 23)
(10, 11, 13, 17, 19, 21, 29)
(10, 11, 13, 17, 19, 23, 29)
(10, 11, 13, 17, 21, 23, 29)
(10, 11, 13, 19, 21, 23, 29)
(10, 11, 17, 19, 21, 23, 29)
(10, 13, 17, 19, 21, 23, 29)
(11, 13, 14, 15, 17, 19, 23)
(11, 13, 14, 15, 17, 19, 29)
(11, 13, 14, 15, 17, 23, 29)
(11, 13, 14, 15, 19, 23, 29)
(11, 13, 14, 17, 19, 23, 29)
(11, 13, 15, 17, 19, 23, 29)
(11, 13, 17, 19, 21, 23, 29)
(11, 13, 17, 19, 23, 29, 30)
(11, 14, 15, 17, 19, 23, 29)
(11, 15, 17, 19, 23, 26, 29)
(11, 17, 19, 21, 23, 26, 29)
(13, 14, 15, 17, 19, 23, 29)
(13, 15, 17, 19, 22, 23, 29)
(13, 17, 19, 21, 22, 23, 29)
(2, 3, 5, 7, 11, 13, 17, 19)
(2, 3, 5, 7, 11, 13, 17, 23)
(2, 3, 5, 7, 11, 13, 17, 29)
(2, 3, 5, 7, 11, 13, 19, 23)
(2, 3, 5, 7, 11, 13, 19, 29)
(2, 3, 5, 7, 11, 13, 23, 29)
(2, 3, 5, 7, 11, 17, 19, 23)
(2, 3, 5, 7, 11, 17, 19, 29)
(2, 3, 5, 7, 11, 17, 23, 29)
(2, 3, 5, 7, 11, 19, 23, 29)
(2, 3, 5, 7, 13, 17, 19, 23)
(2, 3, 5, 7, 13, 17, 19, 29)
(2, 3, 5, 7, 13, 17, 23, 29)
(2, 3, 5, 7, 13, 19, 23, 29)
(2, 3, 5, 7, 17, 19, 23, 29)
(2, 3, 5, 11, 13, 17, 19, 23)
(2, 3, 5, 11, 13, 17, 19, 29)
(2, 3, 5, 11, 13, 17, 23, 29)
(2, 3, 5, 11, 13, 19, 23, 29)
(2, 3, 5, 11, 17, 19, 23, 29)
(2, 3, 5, 13, 17, 19, 23, 29)
(2, 3, 7, 11, 13, 17, 19, 23)
(2, 3, 7, 11, 13, 17, 19, 29)
(2, 3, 7, 11, 13, 17, 23, 29)
(2, 3, 7, 11, 13, 19, 23, 29)
(2, 3, 7, 11, 17, 19, 23, 29)
(2, 3, 7, 13, 17, 19, 23, 29)
(2, 3, 11, 13, 17, 19, 23, 29)
(2, 5, 7, 11, 13, 17, 19, 23)
(2, 5, 7, 11, 13, 17, 19, 29)
(2, 5, 7, 11, 13, 17, 23, 29)
(2, 5, 7, 11, 13, 19, 23, 29)
(2, 5, 7, 11, 17, 19, 23, 29)
(2, 5, 7, 13, 17, 19, 23, 29)
(2, 5, 11, 13, 17, 19, 21, 23)
(2, 5, 11, 13, 17, 19, 21, 29)
(2, 5, 11, 13, 17, 19, 23, 29)
(2, 5, 11, 13, 17, 21, 23, 29)
(2, 5, 11, 13, 19, 21, 23, 29)
(2, 5, 11, 17, 19, 21, 23, 29)
(2, 5, 13, 17, 19, 21, 23, 29)
(2, 7, 11, 13, 15, 17, 19, 23)
(2, 7, 11, 13, 15, 17, 19, 29)
(2, 7, 11, 13, 15, 17, 23, 29)
(2, 7, 11, 13, 15, 19, 23, 29)
(2, 7, 11, 13, 17, 19, 23, 29)
(2, 7, 11, 15, 17, 19, 23, 29)
(2, 7, 13, 15, 17, 19, 23, 29)
(2, 11, 13, 15, 17, 19, 23, 29)
(2, 11, 13, 17, 19, 21, 23, 29)
(3, 5, 7, 11, 13, 17, 19, 23)
(3, 5, 7, 11, 13, 17, 19, 29)
(3, 5, 7, 11, 13, 17, 23, 29)
(3, 5, 7, 11, 13, 19, 23, 29)
(3, 5, 7, 11, 17, 19, 23, 26)
(3, 5, 7, 11, 17, 19, 23, 29)
(3, 5, 7, 11, 17, 19, 26, 29)
(3, 5, 7, 11, 17, 23, 26, 29)
(3, 5, 7, 11, 19, 23, 26, 29)
(3, 5, 7, 13, 17, 19, 22, 23)
(3, 5, 7, 13, 17, 19, 22, 29)
(3, 5, 7, 13, 17, 19, 23, 29)
(3, 5, 7, 13, 17, 22, 23, 29)
(3, 5, 7, 13, 19, 22, 23, 29)
(3, 5, 7, 17, 19, 22, 23, 29)
(3, 5, 7, 17, 19, 23, 26, 29)
(3, 5, 11, 13, 14, 17, 19, 23)
(3, 5, 11, 13, 14, 17, 19, 29)
(3, 5, 11, 13, 14, 17, 23, 29)
(3, 5, 11, 13, 14, 19, 23, 29)
(3, 5, 11, 13, 17, 19, 23, 29)
(3, 5, 11, 14, 17, 19, 23, 29)
(3, 5, 11, 17, 19, 23, 26, 29)
(3, 5, 13, 14, 17, 19, 23, 29)
(3, 5, 13, 17, 19, 22, 23, 29)
(3, 7, 10, 11, 13, 17, 19, 23)
(3, 7, 10, 11, 13, 17, 19, 29)
(3, 7, 10, 11, 13, 17, 23, 29)
(3, 7, 10, 11, 13, 19, 23, 29)
(3, 7, 10, 11, 17, 19, 23, 29)
(3, 7, 10, 13, 17, 19, 23, 29)
(3, 7, 11, 13, 17, 19, 23, 29)
(3, 7, 11, 17, 19, 23, 26, 29)
(3, 7, 13, 17, 19, 22, 23, 29)
(3, 10, 11, 13, 17, 19, 23, 29)
(3, 11, 13, 14, 17, 19, 23, 29)
(5, 6, 7, 11, 13, 17, 19, 23)
(5, 6, 7, 11, 13, 17, 19, 29)
(5, 6, 7, 11, 13, 17, 23, 29)
(5, 6, 7, 11, 13, 19, 23, 29)
(5, 6, 7, 11, 17, 19, 23, 29)
(5, 6, 7, 13, 17, 19, 23, 29)
(5, 6, 11, 13, 17, 19, 23, 29)
(5, 7, 11, 13, 17, 19, 23, 29)
(5, 7, 11, 17, 19, 23, 26, 29)
(5, 7, 13, 17, 19, 22, 23, 29)
(5, 11, 13, 14, 17, 19, 23, 29)
(5, 11, 13, 17, 19, 21, 23, 29)
(5, 11, 17, 19, 21, 23, 26, 29)
(5, 13, 17, 19, 21, 22, 23, 29)
(6, 7, 11, 13, 17, 19, 23, 29)
(7, 10, 11, 13, 17, 19, 23, 29)
(7, 11, 13, 15, 17, 19, 23, 29)
(7, 11, 13, 17, 19, 23, 29, 30)
(7, 11, 15, 17, 19, 23, 26, 29)
(7, 13, 15, 17, 19, 22, 23, 29)
(10, 11, 13, 17, 19, 21, 23, 29)
(11, 13, 14, 15, 17, 19, 23, 29)
(2, 3, 5, 7, 11, 13, 17, 19, 23)
(2, 3, 5, 7, 11, 13, 17, 19, 29)
(2, 3, 5, 7, 11, 13, 17, 23, 29)
(2, 3, 5, 7, 11, 13, 19, 23, 29)
(2, 3, 5, 7, 11, 17, 19, 23, 29)
(2, 3, 5, 7, 13, 17, 19, 23, 29)
(2, 3, 5, 11, 13, 17, 19, 23, 29)
(2, 3, 7, 11, 13, 17, 19, 23, 29)
(2, 5, 7, 11, 13, 17, 19, 23, 29)
(2, 5, 11, 13, 17, 19, 21, 23, 29)
(2, 7, 11, 13, 15, 17, 19, 23, 29)
(3, 5, 7, 11, 13, 17, 19, 23, 29)
(3, 5, 7, 11, 17, 19, 23, 26, 29)
(3, 5, 7, 13, 17, 19, 22, 23, 29)
(3, 5, 11, 13, 14, 17, 19, 23, 29)
(3, 7, 10, 11, 13, 17, 19, 23, 29)
(5, 6, 7, 11, 13, 17, 19, 23, 29)
(2, 3, 5, 7, 11, 13, 17, 19, 23, 29)
599614126
