13 639
P
1832515672
Q
4 10 13 11 7 8 1 3 6 12 2 5 9
Q
3 8 5 4 2 10 11 12 1 9 13 7 6
P
3711610646
Q
3 6 13 7 8 4 9 5 11 12 1 10 2
P
5380475655
Q
9 3 1 8 10 4 13 2 12 5 11 7 6
Q
7 3 5 4 1 9 11 13 2 6 12 8 10
P
2369929932
Q
12 8 1 9 10 3 5 11 2 7 13 6 4
Q
7 8 4 3 5 12 13 9 6 2 10 11 1
P
2855035923
Q
7 3 10 6 13 5 4 2 9 1 8 12 11
Q
10 8 4 11 3 13 5 2 9 7 12 1 6
P
2713443858
Q
6 13 10 11 2 3 12 5 8 1 7 4 9
Q
6 12 4 7 1 10 2 3 13 5 8 9 11
P
2012622251
P
2038556789
P
3238750629
P
5139147678
Q
2 13 4 11 12 1 3 6 10 9 8 5 7
Q
12 13 1 4 6 3 9 7 2 8 10 5 11
Q
5 13 7 8 6 3 1 9 12 10 4 2 11
P
3671568229
P
1272030410
P
5430383745
P
4968755574
P
5137853868
Q
2 9 11 1 4 3 8 10 7 13 6 5 12
Q
12 3 6 13 8 1 7 10 11 2 5 4 9
P
5133150828
P
3294107133
Q
7 11 3 8 9 10 2 12 13 4 1 5 6
Q
9 13 6 3 7 1 12 11 4 2 10 5 8
Q
8 13 3 11 4 6 12 1 5 10 2 7 9
P
3663271143
P
1641812328
P
5545081934
P
12149658
Q
6 10 2 3 5 9 7 1 8 12 13 11 4
P
6115701359
Q
3 4 12 2 10 13 1 7 6 11 9 5 8
Q
9 6 8 1 7 10 13 12 11 4 2 3 5
Q
2 13 8 10 4 12 11 5 7 9 6 1 3
Q
9 12 10 7 2 6 13 5 4 3 8 1 11
Q
7 13 10 2 4 3 6 5 8 1 12 11 9
Q
2 10 8 3 6 4 11 5 12 9 13 7 1
P
5810599235
Q
1 11 12 3 5 10 9 2 7 4 8 6 13
P
3614402151
Q
4 2 7 3 9 12 10 13 1 6 5 8 11
Q
4 6 2 3 9 8 13 5 1 12 11 7 10
P
3979551412
P
4575900998
Q
13 8 11 5 2 6 7 4 10 1 3 12 9
P
2037932218
P
2367033119
Q
8 4 2 3 5 10 6 13 9 11 12 1 7
Q
7 6 11 10 8 12 13 3 9 4 2 5 1
P
4582500026
Q
1 7 11 6 10 4 13 9 5 2 3 8 12
P
2817943657
Q
1 9 13 12 2 6 4 10 3 7 8 5 11
Q
3 2 6 7 11 13 8 1 5 9 4 10 12
P
4502905277
Q
3 5 1 12 4 13 11 8 9 2 6 10 7
Q
6 9 10 4 5 3 13 2 11 8 12 7 1
Q
4 1 2 5 6 11 3 8 9 13 12 10 7
Q
13 11 12 9 8 3 5 10 2 4 7 6 1
P
1151699119
P
3730951188
P
1384010578
P
2592873950
Q
6 10 13 11 12 4 7 3 1 9 5 8 2
Q
3 12 7 1 2 10 13 8 4 11 5 6 9
Q
2 7 6 9 11 10 13 4 8 1 3 12 5
Q
2 7 6 13 11 3 5 1 12 4 8 10 9
Q
6 4 8 9 12 3 1 5 7 13 10 2 11
P
2298215668
P
1990220508
Q
1 8 2 13 10 7 9 5 12 3 6 11 4
Q
1 6 7 2 11 5 9 12 10 8 4 13 3
Q
13 2 7 3 8 6 10 11 4 5 12 1 9
P
2152165186
P
4665713432
Q
11 10 9 1 13 3 6 5 2 8 12 4 7
Q
2 5 1 4 7 6 9 8 10 12 3 13 11
Q
2 3 1 8 9 6 7 4 13 10 11 5 12
P
3557092926
Q
9 5 3 10 13 12 11 4 2 8 1 6 7
Q
5 1 13 10 11 9 2 8 12 7 4 6 3
Q
6 9 11 7 8 10 5 13 2 1 3 4 12
Q
9 10 3 13 11 4 2 6 5 1 8 12 7
Q
13 8 11 9 10 7 1 4 12 6 3 5 2
P
2495643886
P
5153514133
Q
4 6 1 3 5 9 13 7 12 8 2 10 11
P
235935936
Q
13 1 5 10 7 8 6 9 11 4 2 3 12
P
2347040276
P
3668729285
Q
4 8 10 9 3 2 7 1 12 13 6 11 5
P
788461485
Q
2 7 4 12 11 9 6 10 1 8 13 3 5
Q
5 12 7 13 6 10 8 1 3 11 2 4 9
P
5523789464
Q
13 4 9 5 1 8 7 11 12 10 2 3 6
P
2345069692
Q
3 13 10 8 9 5 6 11 2 12 4 1 7
P
3802826991
Q
11 10 2 7 1 13 3 12 5 4 6 9 8
P
3412268276
P
4969442489
P
2751646053
P
2770942323
Q
4 6 10 2 5 7 11 13 8 3 12 1 9
P
2069894315
Q
1 2 9 4 12 10 13 6 5 3 8 11 7
P
2342274300
Q
9 6 13 8 12 1 4 10 2 3 5 7 11
P
3224413541
Q
12 1 11 4 8 9 10 2 6 5 7 13 3
Q
9 8 11 7 12 2 1 5 10 13 6 3 4
Q
12 1 9 6 3 5 13 7 11 10 8 2 4
Q
5 7 13 1 9 3 6 11 10 2 8 4 12
P
4236795340
Q
2 7 9 8 1 12 13 5 11 4 3 10 6
P
880190248
P
4527133747
Q
1 3 10 13 8 11 5 7 9 6 2 4 12
P
2159747170
P
5114109940
Q
3 8 4 6 7 12 2 13 5 10 1 9 11
Q
13 8 9 5 10 12 7 2 4 1 6 3 11
Q
11 7 3 2 8 13 6 1 10 5 9 12 4
Q
5 3 7 4 1 12 13 2 9 10 8 11 6
P
1980682584
P
3238521609
Q
1 10 7 9 11 12 3 8 4 5 2 6 13
Q
5 6 9 4 10 8 2 1 3 12 7 11 13
P
4940101418
Q
13 11 1 8 12 6 4 10 7 9 2 3 5
Q
6 9 8 12 5 2 13 3 11 7 10 1 4
Q
9 4 8 3 5 6 7 2 10 12 11 1 13
P
3882471623
P
831881328
P
5329117384
Q
3 2 1 5 4 13 8 6 10 12 9 11 7
Q
13 10 3 2 1 4 12 6 5 8 9 11 7
Q
12 4 11 9 3 2 7 13 1 10 6 8 5
Q
13 7 2 10 4 12 1 11 5 8 6 3 9
Q
4 11 10 6 3 5 7 2 8 12 1 9 13
Q
12 11 6 8 4 5 9 10 3 13 1 2 7
P
905210328
Q
12 11 9 1 10 7 3 5 13 6 4 8 2
P
6164083825
Q
8 13 5 2 4 12 3 10 6 11 7 1 9
P
97569756
P
3991673249
Q
4 9 8 1 3 13 10 6 2 12 5 11 7
Q
6 10 12 8 9 2 1 3 4 5 11 13 7
P
1992291347
Q
11 10 12 13 4 3 1 9 2 8 7 6 5
P
5072429504
P
3528701040
P
2098901908
Q
4 8 13 10 12 6 7 3 1 9 2 11 5
P
1848912325
Q
9 7 13 2 5 6 4 8 3 12 10 1 11
P
1430045179
Q
6 9 10 4 13 5 7 2 12 1 8 3 11
P
624927593
Q
12 9 5 7 4 8 3 1 11 6 13 10 2
P
5587551324
P
3104604984
Q
8 13 6 11 10 9 3 2 12 5 4 7 1
Q
1 9 6 11 7 8 5 10 12 4 13 3 2
P
342069994
P
1531501926
Q
2 3 10 9 5 1 4 11 12 13 7 8 6
P
951408667
P
139906295
P
5555719756
P
4995266691
Q
2 5 3 12 10 8 6 11 7 1 4 13 9
Q
11 8 5 7 3 9 6 4 10 12 13 2 1
Q
8 12 4 6 10 2 11 9 5 13 7 1 3
Q
7 8 6 4 13 11 1 10 9 5 3 2 12
P
3266503265
P
1370657281
P
389496732
Q
12 1 10 7 6 5 9 4 3 13 2 8 11
P
2079805778
P
2787728260
Q
6 11 7 10 9 12 1 5 13 3 4 8 2
P
4055114283
Q
5 9 1 4 7 12 8 3 2 10 11 6 13
Q
3 6 4 8 5 13 2 1 10 12 11 7 9
Q
7 2 11 3 4 13 1 6 12 9 8 5 10
Q
13 6 10 1 8 5 9 4 11 3 2 12 7
Q
4 6 13 11 9 3 8 12 5 7 10 2 1
P
4994487163
Q
6 8 5 3 7 13 4 10 1 9 11 12 2
P
2638525637
P
4959594803
Q
9 11 4 7 5 10 13 3 6 12 1 2 8
P
719821235
P
5634277287
P
4256318970
Q
9 2 8 5 10 3 11 6 4 7 1 13 12
Q
5 2 9 1 11 8 7 4 6 13 10 3 12
Q
10 11 8 13 6 4 12 2 5 3 7 9 1
P
4335479072
P
4995313600
P
1476680930
P
5128681781
Q
7 10 6 13 11 4 5 2 3 8 12 9 1
Q
12 10 3 6 5 4 8 9 7 13 2 11 1
P
996971866
P
1414628455
Q
12 11 2 9 5 7 10 6 8 1 4 3 13
Q
11 6 2 7 3 5 9 4 10 13 1 12 8
P
2184949219
Q
3 9 1 2 7 13 12 11 5 4 6 10 8
P
739398805
P
1993578674
Q
6 7 1 10 3 11 9 8 12 5 4 2 13
P
5905298457
P
1760811502
Q
8 10 7 6 2 13 11 3 1 4 12 9 5
P
1903257792
Q
4 11 3 1 8 10 12 2 9 13 5 6 7
P
180702613
P
4734858056
P
2801322057
P
4428616977
Q
4 1 7 3 11 9 6 13 2 8 12 10 5
P
302341123
Q
10 3 6 4 1 12 2 9 13 7 11 5 8
Q
10 8 11 9 7 6 13 12 4 3 5 2 1
Q
5 7 9 8 12 6 4 2 11 10 3 1 13
P
1192203914
Q
6 1 8 11 3 9 13 5 2 4 12 10 7
P
3276872914
P
3310914398
Q
7 1 12 8 5 3 10 4 2 6 11 13 9
P
1935380221
Q
8 6 11 3 5 4 13 10 2 12 7 9 1
P
29558660
Q
1 7 12 8 10 4 11 5 2 9 6 3 13
Q
4 8 13 1 11 10 2 9 7 3 12 6 5
Q
3 10 6 7 8 13 1 11 12 4 5 2 9
P
205485001
P
4461994976
Q
1 12 5 10 9 2 8 4 13 6 11 7 3
Q
6 1 4 3 9 7 13 2 10 5 8 12 11
Q
10 3 12 13 5 7 1 8 9 11 2 6 4
P
3858043449
P
2793858640
P
2672339154
Q
9 3 11 6 12 8 2 4 5 7 1 13 10
Q
11 3 2 7 5 12 8 10 13 9 1 4 6
Q
10 4 11 5 12 2 7 9 13 8 6 3 1
Q
11 10 5 12 4 6 13 1 2 9 8 7 3
Q
4 2 13 12 9 1 7 3 5 6 11 8 10
Q
6 13 2 7 10 4 3 1 9 8 12 11 5
Q
5 1 11 13 8 7 4 2 3 10 6 12 9
Q
6 3 9 4 8 7 13 5 12 11 10 2 1
Q
9 12 2 10 1 7 13 3 5 8 6 4 11
Q
3 13 10 2 4 5 7 6 8 1 11 12 9
P
2921273516
Q
3 8 7 9 4 1 6 2 12 11 10 13 5
Q
2 12 8 10 1 4 11 6 9 7 13 3 5
P
1886392867
P
4400619112
Q
4 1 10 9 7 5 13 12 6 2 8 3 11
Q
1 8 13 4 11 7 12 9 10 5 3 2 6
P
1275180485
Q
7 11 13 5 10 3 8 6 2 12 4 1 9
P
1226050357
Q
6 5 8 1 10 9 11 7 12 3 2 13 4
Q
11 9 2 13 12 5 1 7 4 6 8 3 10
Q
5 9 8 3 10 2 11 4 13 1 7 12 6
Q
13 8 4 11 2 5 7 3 9 12 1 10 6
P
6182784593
P
2328355448
P
3690221074
Q
7 11 3 10 13 1 12 5 2 4 6 9 8
Q
8 1 10 13 6 11 4 3 12 7 9 2 5
P
2415330317
P
2557163723
P
5330068720
Q
5 10 12 13 6 7 11 2 9 4 8 1 3
P
5489524441
Q
12 1 8 10 5 11 4 3 6 13 2 7 9
Q
3 11 10 2 7 6 12 8 9 4 13 1 5
P
4292713061
P
3939211314
P
5450157476
Q
1 2 12 13 10 9 7 4 3 8 5 11 6
P
2697253072
Q
12 8 13 9 3 11 5 2 4 1 7 10 6
P
3406654840
P
3878857192
Q
6 10 12 2 8 13 5 1 7 9 11 3 4
P
2618561798
P
3657787528
Q
12 10 8 5 13 11 2 6 9 4 1 7 3
Q
8 5 7 13 1 3 12 2 4 9 10 6 11
Q
6 11 8 7 9 1 2 10 3 13 5 12 4
P
143624042
P
5495090581
P
496470117
Q
6 12 1 4 7 3 9 13 2 8 10 11 5
Q
10 4 2 5 11 1 9 12 6 8 7 13 3
P
5344019967
Q
12 10 3 11 1 4 7 9 13 6 5 8 2
P
3320253346
Q
4 3 13 1 5 8 9 2 7 12 6 10 11
P
4379230422
Q
4 11 6 13 1 2 9 12 8 3 10 7 5
Q
3 10 7 11 5 1 9 6 2 4 13 12 8
Q
9 2 11 8 7 6 12 5 3 4 13 1 10
Q
11 12 10 5 13 3 2 9 4 8 1 6 7
P
3792075008
Q
8 3 12 11 7 6 9 1 4 5 13 2 10
Q
10 2 11 4 5 7 3 8 9 12 6 13 1
Q
6 4 12 2 3 10 7 13 5 11 1 9 8
Q
12 8 9 13 2 10 7 1 4 6 3 11 5
P
2598698602
P
4415706675
Q
1 8 2 13 6 12 9 7 11 5 3 10 4
Q
8 11 4 2 6 12 13 9 7 5 10 1 3
Q
13 7 4 9 12 3 8 1 10 6 11 2 5
P
3400538318
Q
3 1 2 11 13 6 12 10 7 4 5 8 9
Q
6 12 1 7 8 3 11 2 9 10 13 5 4
Q
2 4 8 5 11 7 9 10 1 13 12 6 3
Q
6 5 11 3 7 4 1 8 12 10 9 13 2
P
1242524049
P
3767945552
Q
1 6 4 2 13 9 11 3 5 7 12 10 8
P
2484647225
Q
11 13 8 12 5 1 4 6 9 10 2 7 3
P
3838899197
P
4988184575
P
2349568308
Q
8 7 11 2 1 10 6 13 12 3 4 9 5
P
4038415144
P
2960044310
Q
10 3 2 6 8 13 4 1 7 12 5 11 9
P
1626085138
P
5411552204
Q
10 8 13 1 6 9 3 7 2 12 4 11 5
Q
3 12 8 7 5 6 11 10 4 2 13 1 9
P
5748838110
P
2955649951
P
2406847248
Q
3 13 12 11 8 7 10 2 5 4 9 1 6
Q
12 13 11 9 2 6 1 4 8 3 5 10 7
Q
3 13 8 12 4 11 6 1 5 2 10 7 9
P
5674860679
P
523307999
P
3750054846
P
3225257318
P
1485004566
Q
12 4 1 6 2 8 10 9 5 11 7 13 3
Q
3 12 7 6 9 2 13 1 10 11 5 4 8
Q
3 4 5 2 11 8 10 12 9 1 13 6 7
P
1575132581
P
1614949564
P
4816428278
Q
9 7 4 11 8 13 12 3 5 6 10 1 2
P
5593183429
P
3870760560
P
1147672467
P
2386839559
Q
3 13 6 10 12 2 5 11 7 1 4 9 8
Q
4 5 13 3 6 1 11 8 9 7 2 12 10
Q
5 10 12 3 6 1 9 4 13 2 11 7 8
P
1790453974
P
4338866146
P
4233800166
Q
8 12 2 13 4 7 3 1 11 6 10 5 9
P
4214092511
Q
4 6 5 10 13 12 7 8 3 9 11 2 1
P
3464784236
P
521968357
Q
13 1 8 11 4 2 3 7 5 10 6 12 9
Q
12 11 13 4 2 5 9 6 3 10 1 7 8
Q
8 5 3 1 13 7 10 11 12 4 6 2 9
Q
5 11 12 4 2 10 3 8 6 1 7 13 9
Q
9 1 11 7 2 13 5 8 10 4 12 3 6
Q
5 4 8 12 9 2 3 7 6 1 13 10 11
P
3471214761
Q
8 5 2 7 11 4 1 6 10 12 3 13 9
Q
4 12 1 13 3 9 5 10 7 6 11 2 8
Q
11 1 6 8 10 13 3 7 12 5 9 2 4
P
4570174373
P
3627387838
Q
7 13 8 3 2 9 10 1 12 4 6 5 11
Q
13 4 3 5 9 8 1 6 7 12 11 10 2
P
1889109402
P
6136567377
Q
7 5 9 10 2 8 13 6 11 4 1 12 3
Q
6 2 10 3 12 8 9 1 5 13 7 11 4
P
3440040065
P
568021976
Q
1 6 12 9 10 11 3 5 8 7 4 2 13
P
2968128061
Q
1 7 9 13 8 10 11 12 5 3 6 4 2
P
6057422017
Q
10 2 3 7 4 11 12 13 8 5 1 6 9
Q
12 11 6 2 7 5 4 8 1 13 9 10 3
Q
3 13 4 12 10 2 8 11 6 9 5 1 7
Q
12 2 3 9 6 10 8 1 13 7 4 11 5
P
1205121128
P
1222875687
P
1200482127
P
1257903582
Q
12 4 11 7 1 3 13 2 6 8 5 10 9
P
3757466476
Q
12 6 4 1 8 5 7 3 13 2 11 10 9
P
3687957585
Q
12 8 11 6 1 13 5 2 10 9 4 7 3
P
5078327505
Q
13 8 5 12 2 9 6 1 10 7 11 4 3
Q
1 4 11 6 9 13 2 10 3 7 5 8 12
P
2502442854
Q
7 10 8 4 12 6 5 11 2 13 9 3 1
Q
12 2 4 6 3 10 9 1 8 7 13 11 5
Q
6 7 2 4 3 1 11 12 5 13 10 8 9
Q
12 11 9 8 6 1 7 5 4 13 3 10 2
Q
6 11 2 10 5 13 9 1 12 3 4 8 7
Q
4 8 2 10 11 1 13 3 12 6 9 5 7
Q
9 13 5 3 1 10 4 7 11 2 12 6 8
Q
1 6 3 11 5 8 7 4 10 12 9 13 2
P
4190599093
Q
4 6 2 11 9 7 13 5 1 12 10 8 3
Q
6 9 7 10 1 8 13 2 5 11 4 3 12
Q
11 2 4 10 5 6 7 12 9 1 8 13 3
P
999920830
P
4428974837
P
1100766830
Q
9 7 2 8 1 10 13 6 12 11 5 4 3
P
3692364681
Q
4 6 2 11 5 10 9 13 8 7 12 1 3
P
5039033929
P
5748587760
P
2321766897
P
3962687072
P
3004324549
Q
7 6 12 8 11 1 4 9 5 10 3 13 2
Q
5 7 8 11 6 9 13 12 10 1 2 3 4
P
5889185672
Q
11 13 9 4 12 7 5 2 6 10 1 8 3
Q
3 13 4 5 2 1 6 12 11 10 7 8 9
P
4073047725
P
3367173284
P
1057534302
P
3776942011
Q
9 13 8 6 2 3 5 7 12 10 1 4 11
P
1707924748
Q
5 9 7 4 13 12 3 11 2 8 1 6 10
P
2769445149
P
4845793005
Q
6 12 9 7 4 10 11 8 13 2 5 1 3
P
645588328
P
2237053398
P
6081487076
Q
2 3 1 10 13 7 5 12 9 8 11 4 6
Q
4 2 7 9 13 1 11 6 3 5 12 10 8
P
1765002508
P
2798990724
P
1478427482
Q
6 12 11 3 8 2 7 4 1 13 9 5 10
Q
4 1 5 9 11 13 12 10 6 7 3 8 2
Q
7 3 5 12 10 8 6 9 1 2 11 13 4
Q
9 6 12 5 3 2 8 7 10 13 4 1 11
P
3065979452
Q
8 3 13 6 4 9 5 2 10 11 12 7 1
P
3895213908
P
4115677001
Q
11 1 7 10 12 6 2 8 4 5 13 9 3
Q
8 9 3 7 10 13 5 2 12 11 4 1 6
Q
7 8 1 3 12 4 2 6 13 10 5 9 11
P
5910702269
Q
8 2 12 1 9 4 11 6 13 10 7 5 3
P
5097287349
P
1716655310
Q
5 6 7 2 13 10 4 1 3 11 12 9 8
P
3133269278
P
4071825591
P
5396106422
P
5103209747
Q
3 6 9 12 13 10 2 7 5 4 11 8 1
P
2351966574
Q
8 10 2 13 1 9 3 6 11 12 5 4 7
P
5039147123
Q
12 13 4 8 5 10 6 1 7 9 2 11 3
Q
1 5 2 6 11 7 9 10 13 12 3 8 4
Q
10 12 4 8 1 3 13 9 7 11 6 2 5
P
4489963044
P
2583761443
Q
4 2 11 9 7 1 3 10 12 6 8 13 5
Q
2 3 12 10 9 5 4 11 6 8 7 1 13
Q
1 11 3 2 8 9 13 6 10 4 12 7 5
P
1416609541
Q
5 3 12 8 4 1 13 2 9 6 7 11 10
P
4899940278
P
2503966669
Q
1 3 8 7 11 2 12 4 10 9 5 6 13
P
1553493230
P
3832574756
Q
8 10 12 11 3 7 9 4 2 13 5 6 1
Q
3 4 1 11 8 5 9 6 13 12 10 2 7
Q
7 10 6 1 8 12 5 2 3 11 13 4 9
Q
11 7 13 4 2 1 10 6 9 12 3 5 8
P
6122196572
P
1755404989
Q
7 5 10 2 11 13 1 12 8 3 6 9 4
P
5538477253
Q
5 10 12 1 8 6 2 13 4 3 9 7 11
Q
10 3 9 8 7 1 4 11 13 5 12 2 6
Q
8 10 1 13 4 7 12 2 3 11 6 9 5
P
2107868145
P
451655890
Q
5 10 4 1 8 6 9 11 12 3 7 13 2
P
4069021154
P
4489038382
P
4936626865
Q
1 4 9 10 3 6 5 13 11 2 7 8 12
P
3791099504
P
432625293
Q
3 7 4 13 1 2 12 6 5 10 11 8 9
P
632856822
P
3467337790
P
2328330659
P
2721473906
P
4267210384
P
3723539264
P
2189930028
Q
6 5 10 13 8 7 2 12 3 1 4 11 9
P
5689991277
Q
10 9 4 2 12 11 8 13 5 1 6 7 3
P
1533148257
P
1547390029
P
37821627
Q
11 13 8 10 7 2 5 4 6 9 1 3 12
P
1562011861
P
2387928141
Q
5 9 3 2 1 7 10 12 6 11 8 4 13
P
5857111198
P
2223913802
Q
1 4 10 5 2 8 7 3 12 9 11 13 6
P
5500400741
P
2405634838
P
399676088
P
6198333474
Q
1 12 10 7 9 11 13 5 2 6 8 4 3
P
3921309999
P
4379943895
Q
8 11 3 13 4 5 1 12 2 10 6 9 7
P
3707966076
P
3626273344
Q
2 1 7 3 5 12 13 10 8 4 9 11 6
Q
2 8 9 4 6 11 1 10 12 13 3 5 7
P
705508225
P
6082627362
Q
2 9 13 10 1 3 12 6 8 7 11 5 4
P
6199567143
P
4432948233
P
1000676406
P
1377594207
P
2375459754
P
518207682
Q
4 9 1 13 7 8 6 10 2 5 11 12 3
Q
4 3 9 7 13 8 1 6 11 10 5 2 12
Q
13 11 12 10 6 8 2 9 1 3 4 7 5
Q
7 3 8 2 5 11 10 9 4 6 13 1 12
P
3806940043
P
5976044154
P
5279036639
Q
8 4 3 6 2 7 5 10 13 9 11 12 1
P
4789553273
P
2276757554
Q
12 2 4 3 9 5 8 7 11 6 13 1 10
Q
10 3 7 8 6 12 9 4 1 5 11 13 2
P
464488764
P
828357066
Q
2 8 5 9 10 7 1 13 12 11 3 6 4
Q
4 6 9 11 2 13 7 12 5 3 10 1 8
Q
5 7 8 11 6 10 3 13 2 12 9 4 1
Q
10 9 2 13 5 3 6 7 4 1 11 12 8
P
932580122
P
89050192
Q
13 3 10 11 2 4 12 6 1 5 7 9 8
P
6078583278
Q
10 2 8 9 7 12 5 13 3 4 1 11 6
P
4465720712
P
979740981
Q
5 1 8 12 10 4 6 11 9 13 2 7 3
P
1171240517
P
1319973027
P
5392735930
P
2128666451
Q
3 13 9 8 6 10 12 2 4 1 11 5 7
P
1259294791
P
2705795737
P
3455762357
Q
3 13 1 5 11 6 12 10 7 8 2 9 4
Q
4 10 12 8 5 11 6 9 3 2 1 7 13
Q
3 9 2 13 12 4 10 1 6 11 7 8 5
P
1519419983
Q
2 3 5 7 1 6 11 12 9 10 13 4 8
P
2709834081
Q
9 13 5 7 1 8 3 11 10 12 6 2 4
P
5335632892
P
2052614742
Q
10 5 7 9 13 1 6 2 4 11 3 8 12
P
3563946325
Q
8 11 4 13 3 10 7 9 1 5 2 6 12
Q
2 13 7 11 5 9 1 6 8 3 10 4 12
Q
7 13 12 5 6 8 2 10 9 4 1 3 11
P
5905389503
Q
11 8 9 5 2 12 13 4 3 1 7 10 6
P
1418827438
P
3279609373
Q
7 8 11 3 2 12 1 4 9 6 5 10 13
Q
6 12 11 8 13 9 7 5 4 1 2 3 10
Q
9 8 13 11 1 7 5 2 12 10 4 6 3
Q
3 2 12 4 8 7 6 1 11 5 9 10 13
P
5423083730
Q
4 2 6 7 10 5 12 1 9 11 3 13 8
P
4833801413
P
5666595994
Q
4 2 7 3 8 6 10 5 1 13 9 12 11
Q
1 11 7 8 5 2 3 4 10 12 6 13 9

-------------- output -----------
4 11 12 13 10 3 5 7 9 6 2 8 1
1795757227
1209180018
8 10 13 11 2 9 6 7 5 4 1 12 3
1155583772
12 3 10 9 2 5 8 13 1 7 6 4 11
3913871862
2965473965
5 13 6 1 12 2 4 8 3 9 11 10 7
5550861378
3125238178
6 13 7 10 9 4 3 11 1 2 8 5 12
2981035610
4603976129
6 9 13 10 5 8 11 1 2 7 12 4 3
2866076235
2806539217
5 3 7 10 4 2 12 11 1 8 13 6 9
5 4 1 11 10 7 8 13 3 2 12 6 9
7 11 2 8 3 4 5 12 9 13 6 1 10
11 9 10 3 2 1 5 4 12 6 13 8 7
928569839
5708957289
2375221311
8 9 13 10 11 6 7 2 12 4 1 3 5
3 9 12 7 5 4 13 11 6 1 2 10 8
12 5 1 7 10 3 2 9 13 6 8 4 11
11 5 7 3 9 1 4 8 10 2 13 12 6
11 9 8 12 5 13 4 1 10 3 7 6 2
787492509
5366836659
11 9 7 6 8 3 4 1 13 5 12 10 2
7 12 6 10 9 1 8 11 5 13 3 2 4
3242560903
4290133589
3802356763
8 9 11 5 13 12 4 6 3 7 2 1 10
4 7 2 8 6 10 5 13 3 12 11 9 1
12 7 13 1 9 10 6 8 2 5 3 11 4
1 2 6 7 9 5 11 10 3 12 13 8 4
2718436362
13 10 3 5 4 1 11 8 12 9 7 2 6
1071136367
4053556069
942519935
4262453697
3342574950
820600770
13 2 8 4 7 1 10 11 5 6 12 3 9
392387811
8 7 9 1 4 13 3 12 11 6 5 2 10
1491994687
1600844543
9 4 10 8 7 2 6 12 5 1 11 13 3
10 7 8 13 12 5 11 1 3 6 2 9 4
6061605434
5 4 1 9 13 12 8 6 7 3 10 11 2
5 13 4 3 12 2 7 11 10 9 8 1 6
3476815145
3105400672
10 7 11 12 2 4 3 6 5 1 8 13 9
230322769
6 12 8 7 5 4 11 9 13 1 2 3 10
318987849
1010174431
10 5 11 12 9 2 7 1 8 3 13 4 6
1080736994
2701051410
1437433368
6186673356
3 6 12 5 10 13 9 1 8 4 2 7 11
8 11 6 2 7 9 1 10 13 4 12 5 3
3 12 9 5 13 8 2 11 6 4 7 10 1
6 5 13 8 3 7 1 11 12 9 2 10 4
2753874262
1375345099
695186954
696655538
2535009285
5 11 8 4 3 7 2 6 9 1 12 13 10
5 2 12 7 8 10 1 3 13 6 11 9 4
243032020
174437128
5806622675
5 7 13 1 11 2 12 4 10 6 8 9 3
10 9 12 8 5 1 11 6 3 4 2 13 7
5178627617
599202158
520542825
8 6 2 4 7 10 5 13 1 3 12 11 9
4001477323
1955147638
2705500705
4162164028
6062948998
6 3 8 11 4 13 7 1 5 12 9 10 2
11 10 2 3 9 5 8 7 1 12 4 6 13
1597094863
1 7 13 2 4 9 10 11 8 12 6 5 3
5761629805
5 12 10 9 11 3 7 1 13 8 2 6 4
8 9 13 1 2 5 7 6 3 4 12 10 11
1704172414
2 9 11 4 12 1 10 6 5 13 7 3 8
689056337
2336778763
12 7 5 3 1 10 13 9 11 4 2 8 6
5894282755
5 12 10 3 6 7 9 2 8 1 11 13 4
1428555405
8 13 3 12 7 2 4 1 11 9 6 5 10
5154746306
8 2 7 5 4 11 6 9 13 12 1 10 3
11 5 7 6 8 1 9 4 12 10 13 2 3
6 10 13 3 11 2 7 8 9 12 4 1 5
6 11 5 8 13 10 2 1 3 4 9 7 12
1622530739
5 4 12 7 1 10 6 3 8 9 13 2 11
22447708
5 12 9 6 10 1 13 8 4 3 11 7 2
4070386561
7 10 11 6 8 5 9 1 13 2 12 3 4
5302633018
4142925695
5295925799
2152087035
9 12 2 7 6 3 13 11 10 1 5 8 4
702207704
2 12 1 8 9 3 13 6 10 7 5 11 4
10 6 5 8 9 1 12 11 4 13 2 3 7
68818045
5 8 2 3 11 4 6 13 1 9 10 12 7
11 9 2 5 3 1 7 8 13 4 10 12 6
1206002797
6054570891
5037336082
2011115584
5 2 9 12 4 1 10 3 6 13 11 8 7
7 11 2 6 8 5 12 10 1 4 9 3 13
339929071
2098757533
11 4 10 5 8 3 12 13 9 1 2 7 6
6149709331
2699272313
3974354079
9 2 4 13 1 7 10 11 3 12 8 5 6
2 10 12 4 6 13 9 8 3 11 7 5 1
12 2 7 8 9 6 5 13 4 10 3 11 1
998319670
6114895330
5424055822
5993805519
1826830237
5688646387
2 12 9 6 7 10 3 8 4 13 11 5 1
5697524512
13 11 5 8 7 1 6 9 3 2 4 10 12
3807091245
1 4 7 12 11 13 2 8 5 6 10 9 3
9 4 13 12 11 8 6 5 7 3 10 1 2
1738273940
2749425844
5 2 13 1 4 12 11 6 10 7 9 3 8
5185323984
11 8 1 12 4 5 6 13 10 3 2 9 7
8 5 6 7 2 9 1 11 13 12 10 4 3
5 6 9 7 1 2 12 10 4 3 11 13 8
1715679614
4 12 5 8 1 13 9 10 7 6 2 3 11
4108302285
3 13 11 1 10 6 2 12 4 9 5 7 8
2701255899
2 5 10 4 3 6 9 13 12 8 11 1 7
5604824244
12 8 13 9 10 2 1 11 6 4 7 5 3
7 6 11 8 5 2 1 9 3 13 12 10 4
3813457192
296657010
1 10 8 4 9 13 2 5 6 7 11 12 3
4 3 7 1 8 11 9 2 5 6 13 12 10
546578374
2 13 11 3 10 6 7 12 5 9 1 4 8
1 5 8 9 7 13 3 4 11 12 10 2 6
12 8 3 1 2 10 6 7 11 4 9 13 5
11 6 2 8 9 7 4 5 10 1 12 3 13
605547890
5085866466
3764768231
3133096407
7 11 12 2 8 5 10 1 6 9 13 3 4
3 12 5 10 2 7 11 9 1 4 6 8 13
1 11 10 5 6 3 2 12 4 8 13 9 7
5300041963
5 6 2 3 8 9 13 1 12 4 7 11 10
6 11 12 3 4 1 9 10 13 2 7 8 5
2775215986
9 6 8 5 12 3 2 4 1 7 11 10 13
2196303249
1126496231
2943395511
5976853520
1636118586
11 6 2 5 8 3 10 12 4 13 1 7 9
2649907810
6 8 2 3 1 10 13 12 9 4 11 5 7
11 5 3 10 4 12 8 1 9 6 13 2 7
4204115587
2 8 1 6 10 11 9 12 4 5 13 3 7
12 10 2 8 7 1 4 3 11 9 6 5 13
9 12 7 13 3 5 10 1 8 6 11 4 2
3895000832
1977960405
4699154338
10 1 8 11 5 12 2 9 4 6 3 13 7
11 6 2 8 10 9 7 5 3 12 4 13 1
4 1 13 12 6 2 5 10 8 3 7 11 9
11 9 6 4 3 7 10 1 13 2 12 5 8
3215053596
5637111550
3 1 13 10 6 7 12 2 11 5 8 9 4
3 13 6 11 5 1 4 10 8 7 2 9 12
5674499715
4994733068
5 8 11 2 3 4 10 12 1 13 6 7 9
1237581986
2 8 7 11 9 4 1 12 10 6 3 5 13
5 2 13 6 10 12 4 3 9 1 7 11 8
2596838127
13 4 12 5 6 10 2 7 8 3 9 1 11
4 10 2 5 6 13 7 9 1 12 8 11 3
3696012126
4 13 9 6 11 10 5 7 3 12 8 2 1
1803703771
1 6 8 11 13 9 7 12 2 5 3 4 10
10 12 7 9 13 11 8 5 3 2 1 6 4
6 12 2 13 9 3 11 1 7 5 8 4 10
10 3 13 6 1 9 11 12 5 4 7 2 8
1452147012
1 9 8 5 3 10 6 4 7 13 2 11 12
4406119667
4622274690
2139482367
3 7 12 8 5 9 4 11 10 1 2 13 6
2415757206
7 12 2 1 4 10 5 8 6 9 11 13 3
7 12 13 4 11 10 5 2 3 8 1 9 6
2908612204
5 1 8 6 7 10 2 3 11 12 4 9 13
3582487246
1 2 11 4 8 3 12 10 5 13 6 9 7
234313455
1713106638
1293501465
1 7 3 10 5 6 12 13 2 4 8 9 11
10 4 11 8 1 7 6 3 9 5 2 13 12
412839588
2402804210
4426914692
9 1 10 3 11 7 12 8 2 5 6 4 13
6 11 13 12 2 3 1 5 7 9 8 10 4
6 8 13 5 3 4 1 2 12 10 11 9 7
3942636632
4875043555
4461173880
5166825864
1516719605
2839425900
1948525934
2497521240
4237374279
1426528228
7 2 4 1 6 5 12 8 13 11 3 10 9
1217544568
902491529
4 13 3 11 6 8 5 1 9 12 2 7 10
10 3 4 9 13 5 8 12 11 6 2 7 1
1464760011
276821871
3 9 13 6 1 8 2 4 5 7 12 10 11
3271295925
3 8 10 12 7 13 11 6 2 5 1 4 9
2573044280
5116583193
2218132300
6041278988
13 11 10 9 1 8 12 6 7 4 5 2 3
5 12 4 9 3 13 6 1 2 8 7 11 10
8 10 5 13 3 4 11 1 6 7 9 12 2
3243385682
3381871913
6 1 8 10 2 3 5 9 12 4 13 7 11
6 5 1 10 12 9 11 3 8 4 13 2 7
12 2 7 11 4 3 6 5 8 10 9 13 1
2271451913
12 6 7 10 8 13 3 5 1 2 4 9 11
5293483363
1346828123
9 13 6 12 7 1 10 4 11 2 8 3 5
9 3 10 7 5 11 6 12 13 4 8 2 1
12 5 7 13 2 8 6 1 11 10 3 9 4
36240614
6 9 8 3 13 2 4 11 12 7 5 10 1
5587381588
8 2 5 11 12 6 9 1 4 10 7 13 3
9 2 3 13 1 11 7 8 12 6 5 10 4
2747603585
6 7 9 10 1 5 13 4 3 11 2 12 8
8 9 7 13 11 12 4 3 6 5 2 10 1
5655480950
3534097689
2778048382
1 5 9 8 12 2 11 13 3 4 6 10 7
12 6 9 3 13 11 8 2 5 7 1 4 10
2 1 7 12 4 5 13 10 11 9 6 3 8
2795030530
4435364680
12 2 11 8 9 3 5 13 7 6 4 1 10
5638437232
7 13 2 12 9 6 4 11 10 3 5 8 1
1553184043
10 2 9 11 13 8 12 4 7 1 6 5 3
1814040678
1298145846
3903363035
5223628723
8 12 13 11 10 4 7 9 1 3 2 6 5
3468631715
4380784144
2547848084
5577176918
6 7 2 3 5 12 11 9 10 4 8 13 1
10 3 8 12 6 7 2 13 9 1 5 4 11
242926310
3723667769
6000919289
8 2 4 1 13 10 12 11 5 7 3 9 6
960880969
2795797506
577964544
2584562608
3 9 2 7 1 10 8 13 4 6 11 5 12
8 12 5 4 7 1 3 11 6 9 2 13 10
167271126
6 3 4 11 1 5 9 13 8 10 12 2 7
5257931372
9 1 3 12 13 10 5 6 8 2 11 4 7
11 5 13 8 1 12 3 2 9 10 7 4 6
5 12 11 6 10 1 3 4 13 7 9 8 2
3621933338
9 6 2 12 11 1 10 13 5 7 4 8 3
7 3 2 11 1 12 6 9 13 8 4 10 5
4395762764
4 6 11 2 1 8 13 9 7 5 10 12 3
12 4 8 3 11 1 9 10 5 13 2 7 6
4626907580
1380898619
13 1 2 5 6 7 9 8 4 3 12 11 10
7 3 1 8 13 11 6 5 4 9 2 10 12
6 1 5 4 10 11 2 8 7 13 12 9 3
1436913539
5747354114
1422244829
12 11 2 10 5 7 4 13 8 3 1 6 9
2 3 4 6 1 12 13 9 11 10 8 5 7
8 11 13 5 2 4 7 9 1 3 12 10 6
7 10 11 9 13 5 1 2 4 8 3 12 6
4 2 5 6 7 9 12 8 1 3 13 11 10
5389875040
1376977773
1045717757
4 5 8 1 10 12 6 2 13 3 11 7 9
4 6 8 1 7 5 10 11 2 3 12 13 9
11 1 9 4 12 2 7 10 5 8 3 13 6
4085181665
12 9 2 5 4 11 8 3 13 7 1 6 10
9 1 13 8 11 2 3 5 12 10 7 6 4
3 6 11 4 10 1 12 8 5 2 9 7 13
5 13 10 9 6 4 2 12 8 3 1 7 11
1414473050
1593853496
2268849821
4 10 12 6 1 2 11 8 9 13 5 7 3
10 1 9 8 11 12 2 13 7 4 5 6 3
9 12 1 10 3 13 8 2 4 5 11 7 6
3759175547
9 11 7 3 13 2 6 4 8 12 10 1 5
1610096106
8 3 11 12 1 4 5 6 13 10 2 9 7
2 3 1 12 7 10 5 4 8 11 6 9 13
5772775934
5705616523
3520277145
2309077106
3862894763
2057011469
8 3 13 7 10 9 1 6 11 4 5 2 12
3518010902
1839505499
4806623993
10 7 6 5 2 9 11 4 8 1 13 3 12
8 7 12 9 1 13 10 5 11 6 3 4 2
3335656419
5875974888
4 13 5 8 11 12 3 1 6 9 10 7 2
13 10 9 1 8 6 12 3 5 4 7 2 11
3057692126
2460994606
8 3 2 13 11 6 9 5 7 10 12 1 4
2 4 5 9 6 12 11 7 8 3 1 13 10
194776887
7 3 5 13 6 4 8 1 10 11 2 9 12
224853804
13 8 10 3 7 9 5 1 12 2 4 6 11
4356081319
5686870582
1407902349
5314889630
3 8 4 1 13 12 6 7 2 9 5 11 10
3 8 9 13 12 4 1 6 10 7 5 2 11
3 8 1 12 4 11 13 5 9 7 6 2 10
3 9 7 10 6 1 2 5 13 4 12 11 8
5423250992
8 12 2 6 9 3 1 7 11 4 10 13 5
5479661022
8 10 5 4 1 3 11 6 13 7 9 2 12
5582946358
11 8 3 6 7 9 10 5 13 2 4 1 12
6045285690
110190007
6 3 10 9 1 8 7 2 11 4 13 12 5
3216510528
5317349100
2598990263
5699961070
2760588098
1682558027
4286364797
165933544
9 10 13 11 2 6 1 7 3 8 4 5 12
1603062264
2694771423
4839823276
3 2 1 9 8 10 13 12 6 11 5 7 4
10 3 13 7 1 8 11 12 6 2 9 4 5
3 5 9 6 7 12 1 11 13 8 2 10 4
4076981760
8 10 6 7 2 9 1 4 12 5 11 3 13
1602950369
11 7 3 9 4 1 6 5 10 2 8 12 13
13 1 2 4 9 3 11 8 12 10 7 6 5
5 12 2 11 3 8 1 6 9 7 10 4 13
9 4 5 1 2 13 8 3 7 10 6 12 11
7 4 3 13 2 1 5 12 11 9 6 8 10
3108351304
2136461017
13 4 7 12 1 3 5 9 6 8 2 11 10
5259569948
1405112395
9 7 1 6 4 2 8 12 5 13 10 3 11
8 1 5 13 2 4 12 9 6 11 3 10 7
3 4 8 7 5 10 2 11 13 1 12 9 6
8 12 7 11 3 2 4 10 9 13 1 5 6
4298360749
4 8 11 9 7 2 13 10 3 1 6 12 5
2215016557
6 11 5 2 12 9 1 8 7 13 4 3 10
11 2 6 5 10 4 13 1 7 12 8 3 9
2821542347
2 6 3 13 1 9 12 7 10 8 5 11 4
5 10 1 7 11 6 12 8 9 2 13 4 3
13 9 4 11 12 6 2 8 10 7 1 5 3
521434769
1493577606
4 10 3 6 12 11 13 5 2 1 8 9 7
6 12 2 5 4 8 7 1 11 9 13 10 3
4 2 1 8 5 7 12 10 3 6 9 13 11
2827769901
1446358984
2967897244
4065795669
7 5 11 13 1 3 4 10 9 12 2 8 6
3470686746
9 2 8 6 3 7 13 4 12 5 11 10 1
9 8 2 3 11 5 10 1 6 12 13 4 7
4811002956
3641740077
3114160789
13 5 1 11 4 10 6 9 3 2 12 7 8
3425797800
11 8 9 7 10 12 4 6 3 13 2 1 5
4 9 1 2 10 12 5 7 13 8 3 11 6
2090900898
7 8 6 5 9 1 4 13 3 11 2 12 10
9 7 1 2 12 10 13 4 11 6 5 3 8
12 4 3 1 6 2 5 8 10 11 7 13 9
11 8 12 4 1 9 7 3 13 5 10 2 6
1142700180
5 12 13 2 6 8 1 4 9 3 11 10 7
3679265853
11 7 3 9 6 12 10 4 8 2 13 1 5
5721319502
120730796
4723256015
10 5 7 4 2 3 11 12 9 6 13 8 1
6 5 11 1 3 8 2 10 7 13 4 9 12
1508291002
554370999
363066078
3 13 7 5 11 2 6 4 9 10 1 8 12
2030398610
11 3 10 4 13 5 6 8 9 1 12 7 2
6 3 11 1 5 7 12 8 13 9 2 4 10
59757925
4 3 13 2 1 5 11 8 12 9 6 10 7
9 1 2 4 8 13 7 6 12 11 3 10 5
3708017566
1040545679
3211681697
5066937691
13 10 5 2 3 4 8 11 9 12 1 7 6
4 9 13 10 5 11 7 3 12 6 1 2 8
3059719156
12 7 10 3 8 1 4 9 2 11 5 6 13
2268217347
4418629667
3675716662
5 6 11 12 9 4 10 7 13 2 3 1 8
1 13 5 7 9 11 3 12 2 6 8 10 4
2246401162
9 6 13 4 2 3 8 5 11 1 7 12 10
10 5 7 1 9 4 3 11 2 13 8 12 6
11 4 9 6 1 3 8 5 7 2 10 12 13
103835473
8 12 13 9 3 4 2 11 10 5 1 7 6
1 12 11 4 3 10 6 7 9 13 5 2 8
1168115177
2 5 12 6 13 10 9 8 11 1 7 4 3
8 3 12 7 1 6 11 13 5 10 4 9 2
5 12 4 9 3 6 7 10 8 2 13 1 11
6 10 2 13 8 11 12 9 3 1 4 7 5
9 12 11 13 3 6 8 1 5 7 4 10 2
8 11 4 2 1 10 7 5 13 6 3 12 9
5 8 12 6 11 9 13 3 10 2 7 4 1
2583565826
12 11 7 1 2 10 6 8 13 9 4 3 5
4641914812
4 3 7 8 13 9 1 10 6 5 11 2 12
4 3 11 7 2 10 12 9 13 6 1 5 8
1 2 13 7 5 3 8 4 9 6 11 10 12
5257654861
4 5 2 8 9 6 13 12 7 10 1 3 11
5 13 11 1 7 6 3 12 2 10 8 4 9
2203057239
13 3 10 1 8 9 4 7 12 11 5 6 2
5 9 10 12 6 7 11 2 1 3 4 13 8
105977602
12 6 10 9 7 8 3 4 13 1 11 2 5
6 1 4 13 5 9 8 7 12 11 3 10 2
1 12 2 4 7 9 11 10 3 6 5 13 8
13 12 4 1 11 7 2 6 10 8 9 5 3
430289658
9 3 4 10 1 11 8 13 5 7 6 2 12
10 2 9 13 12 6 5 4 7 3 1 8 11
3722877260
8 10 12 11 2 5 6 13 3 4 9 7 1
8 7 12 4 1 5 10 11 6 9 3 13 2
493592212
741147571
2 7 10 6 3 11 12 8 4 1 5 9 13
13 9 5 3 1 11 7 8 4 10 12 6 2
797252010
13 12 4 6 5 1 10 11 7 8 3 2 9
10 4 1 9 2 5 6 11 7 8 12 3 13
3 2 1 11 9 6 13 7 4 5 12 10 8
3 12 7 9 4 8 2 5 11 10 6 1 13
5 13 7 9 2 3 6 10 12 8 11 4 1
2 1 13 11 3 6 12 10 5 8 9 7 4
1719872290
1540405767
6186974282
2972459195
8 13 5 1 12 3 4 10 6 11 2 7 9
13 6 9 11 4 5 1 3 12 8 10 7 2
12 1 4 10 8 6 13 3 11 9 7 2 5
3481159306
10 13 12 9 7 5 2 3 11 6 8 1 4
5 11 1 7 3 4 10 6 12 2 8 13 9
5316764003
4411001050
1 13 9 2 3 4 8 6 11 7 12 10 5
2 10 11 4 9 7 6 13 5 8 12 3 1
731425676
1621063379
2136463128
4637371228
2 13 5 12 11 6 9 3 1 4 7 10 8
1 4 5 9 7 10 11 12 13 6 3 8 2
5859836162
13 9 4 1 12 7 2 10 8 3 11 6 5
4375115912
10 4 12 8 3 13 7 11 2 5 1 9 6
3 1 8 13 12 4 2 7 5 11 9 6 10
1937307452
3 7 5 11 9 8 13 12 6 1 10 2 4
3 11 1 10 7 6 5 13 4 2 9 8 12
12 4 2 1 13 7 6 3 5 9 10 11 8
5 7 4 10 1 6 9 3 2 11 13 8 12
1424857829
3 9 8 1 5 10 2 11 6 7 4 12 13
6 9 11 8 5 1 3 10 13 2 4 7 12
8 3 9 5 2 7 1 13 11 4 12 6 10
1398111062
1791329575
1244646766
4 3 1 11 5 2 7 10 6 13 12 8 9
527273105
6 9 12 10 7 2 5 4 11 3 8 1 13
4287448655
12 2 9 5 8 3 6 4 10 1 11 13 7
5 4 7 10 8 1 12 11 13 2 9 6 3
4491327637
8 6 4 2 5 10 3 9 12 11 1 7 13
3726528967
939279891
3351016645
13 4 12 5 9 1 3 11 2 10 8 6 7
5096361868
3 13 7 12 11 2 5 8 10 9 4 6 1
7 12 2 10 9 6 3 1 4 11 5 8 13
3143337175
2829369433
4150648918
1031119993
12 4 11 6 8 1 9 10 5 2 3 13 7
1489111982
11 2 3 1 9 13 8 4 7 5 12 6 10
12 10 13 6 7 5 8 2 3 4 9 11 1
1491933020
379330622

