50
2
2 2
3
3 2 2
3
1 1 2
3
2 3 1
5
200 186 191 204 214
26
36 37 40 35 36 39 31 42 32 44 36 36 42 38 36 39 41 39 45 35 33 38 38 45 38 49
26
35 37 44 41 35 32 40 37 35 38 43 45 36 39 39 34 49 34 33 31 45 46 47 33 34 38
26
20 1 20 1 20 1 20 1 20 1 20 1 20 1 20 1 20 1 20 1 20 1 20 1 20 1
26
1 1 1 1 1 1 1 1 1 1 1 1 1 1 1 1 1 1 1 1 1 1 1 1 1 1
26
28 32 40 39 26 36 54 38 35 40 39 33 42 33 34 50 39 36 40 44 46 42 36 35 43 40
26
43 34 53 58 41 32 45 42 35 41 38 23 33 36 25 39 38 43 40 35 45 43 46 32 29 31
22
39 38 44 39 46 47 40 47 50 46 40 57 47 52 52 45 42 47 44 49 43 45
3
3 4 2
26
18 100 27 17 22 23 117 18 16 111 20 22 14 20 24 17 21 129 23 17 24 23 19 22 19 117
3
2 1 2
8
131 128 118 114 108 130 136 129
26
33 32 42 23 47 36 34 33 40 52 34 47 51 36 39 45 49 39 41 40 37 38 28 38 29 37
3
342 335 314
26
23 16 19 18 14 21 284 20 19 21 27 17 20 18 16 22 17 15 20 19 15 12 16 21 22 268
16
1 1 1 1 1 1 1 1 1 1 1 1 1 1 15 1
3
320 313 358
21
30 54 43 44 56 55 51 48 53 49 43 42 50 53 36 40 48 60 37 49 57
26
26 39 39 52 37 34 49 37 43 28 35 37 39 44 34 42 44 36 40 34 30 42 40 47 37 35
26
19 16 16 21 22 18 12 21 19 21 16 24 21 13 21 23 20 15 24 248 23 15 294 22 14 22
3
3 3 2
24
40 48 38 40 42 39 47 41 45 41 45 38 51 42 42 35 34 36 50 39 32 40 48 41
3
4 1 3
26
55 35 40 32 42 31 34 39 41 33 36 40 28 37 44 40 47 40 41 27 45 40 33 42 37 40
26
35 49 32 39 45 44 39 33 45 45 35 36 36 46 30 31 40 30 34 36 42 41 41 40 44 32
26
25 1 1 1 1 1 1 1 1 1 1 1 1 1 1 1 1 1 1 1 1 1 1 1 1 1
13
76 68 89 89 71 71 89 83 73 74 65 68 75
3
2 3 3
3
3 2 1
3
4 2 3
10
9 1 9 1 9 1 9 1 9 1
26
42 39 31 36 39 35 38 48 33 34 38 43 37 34 39 30 48 40 34 39 37 29 28 48 47 54
9
111 97 124 106 108 108 115 125 101
26
31 36 39 42 43 40 48 47 35 40 36 44 41 37 41 31 30 39 49 37 46 33 27 42 31 35
3
1 3 4
12
86 93 93 84 89 84 81 78 72 80 77 79
26
22 23 113 12 23 101 28 18 21 15 23 22 19 24 23 21 18 122 21 21 17 21 31 105 117 19
16
56 68 65 63 64 72 67 74 56 49 54 70 59 47 61 72
3
2 2 1
13
76 81 73 94 85 71 77 78 84 76 66 67 70
18
53 63 54 53 45 55 63 59 58 54 41 47 63 63 55 54 52 59
3
1 2 1
3
4 4 1
26
147 140 142 154 13 21 17 21 18 15 22 18 23 18 22 22 22 17 14 19 21 23 21 15 16 19
4
262 232 259 247
26
43 27 55 52 34 37 39 50 34 34 40 36 35 27 34 46 40 46 35 33 30 36 30 44 43 40
