100
27 54 48 68 81 10 16 14 96 21 54 59 80 39 55 89 92 14 77 35 51 61 61 24 90 59 58 37 34 38 96 83 86 51 54 97 1 28 41 24 76 96 50 75 93 17 20 96 2 38 20 23 57 26 18 56 98 12 12 20 14 49 89 23 77 55 61 14 52 87 33 50 11 85 39 85 35 55 47 7 94 55 32 10 75 77 96 8 8 51 78 73 59 52 73 83 43 87 91 67
100
19 36 23 81 60 87 9 98 69 32 20 39 13 30 43 36 9 2 3 6 12 46 37 52 52 47 64 35 43 41 67 99 78 7 97 30 82 91 5 60 68 15 67 36 6 3 34 75 79 94 8 96 7 19 78 42 3 89 56 63 16 43 14 83 16 9 94 12 70 82 98 3 24 61 3 40 73 54 78 83 64 55 18 85 55 8 35 16 56 28 89 26 8 74 55 32 29 81 65 90
100
34 55 81 89 81 21 43 75 85 52 82 61 4 41 35 40 6 34 56 37 6 17 11 60 86 6 33 58 51 47 49 2 71 6 35 40 55 68 41 87 61 93 88 49 28 76 80 11 88 52 38 86 33 64 28 1 80 64 73 13 69 57 1 16 87 53 89 88 88 30 92 89 12 57 39 96 27 39 61 42 22 45 17 62 53 97 39 12 21 81 64 69 87 95 97 53 87 52 100 37
100
17 63 76 69 78 31 16 3 82 23 75 20 5 7 61 92 58 21 94 20 20 64 58 10 66 95 98 86 74 88 77 65 26 100 12 75 66 35 53 55 67 98 1 16 70 19 5 99 27 78 49 91 67 2 78 13 79 97 58 37 95 63 2 9 54 83 36 2 82 76 43 32 6 7 24 6 90 6 96 43 78 58 63 74 75 63 31 24 78 81 96 19 95 82 100 23 95 14 32 52
100
61 99 56 90 24 81 50 56 77 47 42 63 66 1 15 9 71 7 83 41 83 24 25 70 22 99 90 21 23 67 44 36 44 23 57 52 29 59 32 17 55 83 33 91 14 60 33 54 45 3 52 58 90 92 87 61 98 28 86 7 29 28 3 64 73 9 88 54 45 75 9 61 26 58 5 54 72 100 83 29 79 96 60 31 48 23 58 10 79 100 39 2 23 77 56 98 72 93 51 9
100
54 43 82 90 20 29 72 39 37 20 87 30 40 77 8 88 3 1 62 79 17 55 76 91 9 36 83 46 82 8 76 68 23 13 18 65 42 9 42 88 6 77 9 56 66 21 64 40 12 43 85 99 58 6 10 22 52 21 36 26 69 54 57 19 20 3 20 44 5 55 23 65 23 4 46 78 97 5 88 17 28 46 19 91 78 28 4 50 35 72 97 69 74 58 29 69 37 96 74 85
100
15 66 78 12 16 18 63 3 67 85 26 92 85 39 34 82 68 58 47 99 61 7 65 52 63 12 10 38 94 89 71 20 92 14 94 95 39 3 95 46 28 31 83 33 66 64 71 6 96 44 11 92 88 3 52 46 43 20 5 79 7 19 99 14 85 57 51 49 16 99 85 18 66 52 62 25 39 17 81 65 59 12 18 89 36 90 69 52 69 83 20 60 85 81 43 81 24 30 66 47
100
5 82 21 36 99 4 67 26 45 74 8 43 20 4 72 30 14 32 16 19 74 38 69 93 15 50 82 45 12 78 52 32 81 71 63 58 29 72 16 38 46 85 21 52 41 46 15 33 39 62 21 18 18 57 3 100 3 84 50 73 10 46 90 21 84 100 13 10 87 32 25 70 85 61 6 97 25 8 58 12 76 27 5 94 12 2 28 55 64 43 91 100 51 75 11 3 81 91 82 72
100
96 14 94 85 6 3 60 6 74 47 1 14 16 90 57 45 4 83 24 36 99 99 24 30 63 43 94 87 98 76 61 79 59 11 84 19 24 32 71 82 65 41 22 41 35 31 35 73 60 12 30 54 17 70 4 17 59 82 1 6 5 35 35 28 64 94 25 5 72 74 93 57 31 20 54 72 59 43 26 97 69 62 38 64 64 46 41 54 87 1 70 66 71 2 87 59 96 47 88 23
100
4 65 93 17 72 19 27 79 79 6 1 86 8 27 6 72 24 41 90 85 62 39 85 21 59 11 20 49 44 52 90 49 70 13 40 15 70 11 16 76 52 22 54 32 67 26 80 43 47 100 40 66 67 13 61 57 69 99 27 27 87 80 18 54 96 95 70 77 98 8 79 66 28 72 32 41 8 22 27 64 36 1 5 54 13 83 74 76 99 73 34 56 34 80 12 85 52 92 91 27
100
87 54 22 46 22 82 55 46 46 13 6 97 44 39 70 32 61 92 16 48 4 13 18 80 29 39 28 91 46 43 92 56 31 31 92 4 18 95 49 97 3 25 60 47 18 23 45 10 15 20 17 61 8 6 49 6 88 16 30 62 17 27 61 4 25 26 32 53 33 71 25 76 42 49 91 4 90 8 13 55 61 55 40 11 41 80 46 98 91 12 14 80 69 97 18 3 54 1 6 28
100
42 46 54 74 59 36 9 98 82 4 45 10 76 61 71 6 12 29 47 89 18 62 63 77 29 85 92 14 39 82 6 8 43 34 37 37 43 41 63 8 84 78 4 45 25 93 66 7 82 91 70 7 76 39 15 100 73 62 46 46 80 20 17 35 28 87 76 35 24 73 51 69 59 11 97 22 5 91 39 45 39 85 3 40 92 41 93 76 18 13 36 20 96 72 50 83 19 14 82 24
100
54 11 18 28 8 92 56 64 46 46 8 97 82 93 46 13 25 34 3 44 8 17 18 2 46 76 57 83 9 51 47 97 4 5 50 78 20 88 80 54 37 96 53 57 18 11 89 97 85 71 25 66 81 54 68 68 2 15 82 45 32 98 54 51 100 2 69 98 81 71 2 29 28 38 85 16 50 26 62 22 94 17 93 62 38 89 32 57 3 84 53 12 32 76 2 26 30 28 98 23
100
42 41 24 49 78 17 50 39 88 97 38 68 55 21 20 46 63 84 46 38 7 96 40 60 37 78 31 6 60 40 55 51 91 99 63 65 5 73 78 17 95 6 99 77 93 3 5 41 98 82 43 71 4 9 66 53 53 81 85 86 100 40 65 36 65 67 17 40 69 74 76 1 23 67 76 15 65 15 15 63 91 59 39 53 59 46 57 26 80 18 25 74 90 3 1 50 65 75 18 12
100
77 44 52 95 67 28 29 67 97 65 29 86 72 28 92 77 45 50 57 84 76 29 25 33 89 49 45 99 65 85 26 2 8 52 27 92 1 55 72 27 80 53 80 99 48 6 51 90 48 64 71 36 56 72 66 44 85 83 61 51 98 84 48 67 82 41 73 58 8 90 31 52 45 43 57 26 1 61 43 50 29 15 73 36 37 99 51 16 7 32 10 59 50 62 58 55 17 86 86 64
100
81 2 21 83 11 69 68 95 85 46 44 33 79 62 62 13 46 88 76 22 42 75 20 44 52 27 30 4 38 5 47 5 24 48 44 69 58 89 47 98 12 78 97 57 96 75 73 65 69 35 5 36 70 82 4 62 34 42 95 76 23 33 82 94 76 86 74 87 12 82 19 97 16 55 17 39 97 44 33 38 29 14 17 20 3 38 59 20 58 43 73 46 45 93 3 68 23 53 17 2
100
6 7 24 93 6 43 44 17 30 63 60 21 28 33 100 87 43 60 69 27 67 52 23 96 43 93 62 21 44 95 83 84 53 26 99 51 81 75 17 57 18 28 52 27 55 83 60 32 75 33 67 62 56 19 31 28 34 82 57 52 21 72 79 13 8 98 26 73 77 20 86 39 32 42 36 71 13 50 36 30 94 86 77 19 42 28 31 8 32 7 11 86 89 88 31 20 24 70 84 3
100
18 51 99 77 7 77 22 10 20 32 36 78 23 41 22 97 88 2 94 78 17 68 95 60 94 80 17 30 75 53 84 50 41 2 45 34 22 26 58 5 29 60 97 83 41 95 61 78 63 44 89 40 50 89 87 42 94 62 55 10 75 79 29 10 60 88 37 53 18 57 91 58 86 66 10 11 27 75 97 82 80 84 70 55 36 42 78 52 8 65 93 69 32 1 83 36 85 48 100 7
100
82 46 89 51 25 96 69 54 40 78 37 19 3 69 43 47 40 86 21 60 2 52 11 53 96 62 36 93 21 52 76 3 60 47 64 79 28 16 92 97 84 79 20 91 41 28 93 81 69 58 59 59 89 21 93 76 53 67 88 24 41 70 38 76 76 37 75 19 44 70 44 59 51 6 94 86 54 48 41 33 71 58 66 50 48 89 100 4 71 97 92 19 70 23 29 52 6 83 60 45
100
6 1 21 65 46 84 87 76 67 97 66 40 30 67 64 66 67 97 38 63 4 11 17 39 59 40 74 80 54 28 4 3 32 39 6 31 74 94 4 20 33 62 85 96 30 44 3 55 43 13 34 63 32 90 40 19 29 1 21 6 49 68 65 60 76 64 67 8 24 99 3 64 27 74 23 7 93 37 21 98 13 30 51 11 33 87 96 25 7 57 57 3 96 63 68 37 56 89 81 79
100
31 56 90 67 17 24 46 55 31 16 33 81 30 12 51 73 14 32 82 23 79 36 63 14 96 7 87 65 68 54 20 91 13 60 91 38 99 30 54 19 5 41 44 10 48 90 67 57 34 29 21 29 89 53 92 77 79 39 74 94 82 2 99 98 80 89 94 22 20 91 21 70 73 24 70 6 67 81 72 50 51 7 54 41 19 56 62 96 56 5 87 26 38 27 1 43 83 98 35 12
100
23 43 93 99 89 77 29 81 51 83 39 98 45 81 96 3 85 14 33 75 48 35 84 10 100 28 97 44 18 25 78 59 28 92 74 94 61 48 58 86 44 7 92 49 19 30 5 21 56 66 18 40 75 8 29 74 66 38 70 11 33 81 33 60 5 81 84 32 60 18 11 83 9 88 91 28 19 4 16 67 35 29 13 36 94 71 23 29 63 55 30 3 85 52 66 85 93 93 91 76
100
20 18 53 68 91 35 44 44 53 57 9 88 28 63 29 95 62 76 72 94 57 79 15 10 7 41 12 47 60 16 8 19 83 71 49 71 58 21 16 13 81 8 27 85 93 17 32 85 63 97 33 60 43 56 80 18 65 33 4 60 18 90 11 41 100 51 61 84 58 40 45 67 70 8 100 100 4 85 37 59 71 94 56 96 12 32 18 82 80 99 38 16 100 48 51 51 28 11 86 76
100
24 79 61 62 40 86 86 1 69 36 40 19 19 22 16 79 73 67 76 64 54 36 72 95 49 71 47 27 8 62 9 31 60 84 70 36 69 82 62 5 41 27 81 69 82 27 96 42 23 38 85 88 4 69 75 51 23 41 33 98 70 91 7 58 74 49 34 61 7 53 98 71 52 77 83 92 59 77 62 1 19 9 77 22 37 41 53 91 30 25 74 65 66 88 93 63 20 100 24 85
100
72 73 50 90 42 58 97 5 95 22 62 30 44 47 34 33 56 21 53 60 19 3 64 82 54 53 86 28 75 78 84 64 10 16 9 99 86 60 12 25 42 8 100 53 48 59 17 38 49 80 2 70 23 81 76 19 55 92 55 19 74 3 8 50 31 31 42 74 79 85 54 65 64 57 23 53 29 60 46 50 69 7 10 90 13 93 56 95 24 99 65 32 29 35 19 5 83 83 68 87
100
54 81 78 23 71 53 41 86 15 46 70 35 65 57 86 41 65 40 26 28 78 72 70 40 58 3 23 37 39 82 98 80 85 95 32 66 30 31 20 89 71 89 59 96 59 28 69 15 40 80 3 29 64 29 52 78 26 47 51 4 89 36 78 97 25 27 25 12 42 69 5 43 31 45 90 43 16 31 19 9 78 49 27 8 55 72 43 75 68 94 54 54 24 34 18 33 61 36 43 92
100
39 7 88 96 58 69 48 41 13 97 16 62 60 87 18 72 52 85 53 96 69 48 66 90 79 23 2 81 72 16 97 71 36 60 38 98 61 56 11 72 25 69 57 96 62 66 23 95 34 69 5 55 5 95 51 82 10 80 85 72 6 20 96 8 22 8 1 91 79 61 68 79 95 78 15 29 70 87 81 78 31 96 56 83 62 85 75 38 95 51 43 34 6 67 86 68 7 24 65 94
100
62 16 97 1 55 21 98 22 14 89 5 22 53 98 86 15 3 77 8 46 4 56 15 67 78 62 10 95 74 14 12 20 88 3 53 35 41 38 98 1 66 23 52 3 3 1 74 62 3 1 5 97 89 93 83 91 19 25 53 36 54 55 73 28 89 79 15 70 61 63 53 88 24 31 96 95 30 59 7 82 49 97 47 8 7 84 49 78 57 95 79 77 85 23 22 13 87 82 41 38
100
96 29 43 4 43 25 86 46 90 91 32 79 52 81 79 82 82 85 57 78 90 36 97 88 98 14 99 84 92 65 50 59 52 9 38 36 79 62 1 41 60 49 54 62 41 91 91 35 39 68 45 9 27 84 97 52 90 40 91 72 89 28 13 69 86 90 75 47 73 79 21 95 47 13 11 91 13 31 6 37 11 39 83 50 20 57 93 92 96 86 22 74 100 82 66 50 1 66 20 19
100
23 42 39 31 27 74 29 86 93 47 1 49 85 86 38 67 49 51 49 1 77 79 71 15 98 51 82 25 33 72 31 47 98 78 31 53 20 3 76 76 93 22 62 12 85 9 91 77 33 90 28 19 40 23 84 20 37 39 7 14 80 74 87 83 6 93 80 5 36 99 77 2 25 76 89 62 29 5 84 31 9 55 39 90 77 92 79 63 88 49 76 88 62 36 67 27 21 16 65 87
100
43 58 86 45 11 20 33 69 41 88 20 3 24 92 33 47 5 79 65 82 56 62 40 78 93 29 17 72 97 53 28 48 52 37 2 41 87 98 18 8 80 21 29 7 65 25 17 29 32 89 83 40 81 88 29 64 2 80 91 46 47 7 39 42 23 68 43 19 94 31 4 47 79 87 54 40 31 1 99 14 66 52 63 9 50 84 29 84 95 66 5 51 53 17 49 38 100 41 65 21
100
54 34 30 79 26 83 23 72 54 19 84 11 49 18 24 65 16 69 75 1 65 4 52 97 88 64 25 2 72 3 49 15 1 63 73 8 47 20 83 15 48 26 62 59 8 69 88 32 87 68 11 67 12 28 56 59 5 62 19 20 40 14 40 36 22 85 67 89 47 90 22 26 4 11 51 95 78 5 76 33 83 58 14 17 24 71 61 25 45 87 45 91 92 23 85 53 30 54 61 25
100
98 59 46 90 21 39 40 74 44 5 63 73 96 66 21 94 68 16 42 15 97 70 7 66 36 55 21 52 76 89 81 85 23 66 50 63 17 76 45 63 79 46 94 1 33 12 23 22 36 10 57 45 66 32 14 71 4 53 92 59 47 1 59 62 29 72 46 5 100 18 6 13 13 22 13 81 86 88 86 47 52 66 86 36 19 4 40 76 67 27 89 79 52 79 48 92 84 80 22 10
100
51 86 3 72 33 49 20 92 74 98 95 60 32 19 54 6 74 73 49 75 71 70 71 87 16 30 35 17 89 66 99 15 93 52 44 19 39 60 65 90 9 59 56 71 20 91 55 59 73 49 83 72 59 24 20 68 27 87 94 18 74 50 63 25 6 68 49 77 88 38 93 29 48 62 86 100 28 50 47 27 61 40 96 9 72 4 17 34 17 97 59 51 26 38 77 16 87 98 12 59
100
57 49 49 94 71 24 84 25 66 52 52 47 58 86 51 8 27 74 53 72 6 58 93 19 34 41 7 35 84 7 30 73 8 34 50 81 37 2 12 84 81 52 72 29 34 59 58 41 78 26 20 67 90 8 60 53 47 39 44 43 43 12 76 84 62 51 98 78 77 9 95 69 63 37 25 72 13 28 3 44 72 23 20 1 30 1 65 10 32 87 65 21 52 8 74 7 62 67 15 47
100
71 65 14 44 62 44 12 34 6 29 50 73 49 37 73 97 13 69 98 41 11 95 20 60 43 41 81 48 73 79 64 50 48 79 76 96 66 5 69 89 61 60 12 68 3 6 25 43 83 11 24 43 99 46 50 9 2 84 17 92 9 61 8 79 37 40 1 64 29 88 25 96 44 76 89 88 81 24 37 8 57 38 64 40 39 28 64 17 94 95 27 85 68 37 21 60 95 83 47 45
100
92 60 81 24 46 40 88 84 4 12 22 46 82 84 97 24 93 54 21 2 100 35 55 48 55 94 64 53 64 38 72 24 9 68 37 16 64 86 87 34 3 51 9 3 55 34 35 11 100 59 86 47 79 64 78 96 9 94 95 67 39 97 33 69 66 99 50 63 72 75 32 58 97 46 26 14 37 18 59 98 95 98 95 72 80 11 89 65 16 53 69 62 86 60 2 6 57 89 81 67
100
87 30 58 14 20 62 45 58 6 75 46 85 3 97 77 51 7 49 41 96 84 24 24 68 85 20 42 45 61 57 24 67 51 21 67 46 56 91 84 29 41 69 34 24 72 90 38 91 30 73 33 94 65 6 53 60 21 14 8 43 75 66 65 9 77 2 90 99 54 100 43 8 46 36 86 23 29 80 16 89 32 49 60 1 27 16 59 15 26 58 36 75 36 57 37 48 57 76 94 73
100
62 71 59 58 52 67 6 97 29 23 49 95 99 90 34 62 25 79 1 22 57 16 29 57 42 98 1 88 26 41 45 97 1 90 11 8 59 97 53 4 64 41 77 97 45 41 13 63 60 36 14 18 57 41 10 5 21 67 90 29 99 85 3 16 26 16 8 58 32 68 66 77 89 24 30 88 39 68 97 94 56 16 39 19 45 66 2 72 44 63 29 59 40 3 41 9 91 15 31 32
100
28 69 88 44 38 54 1 17 10 66 40 78 80 56 96 37 91 18 23 18 60 57 68 2 35 49 52 100 41 96 25 9 84 94 23 53 35 53 90 63 32 5 72 66 49 64 50 63 65 61 17 99 71 21 5 86 8 25 52 27 56 57 35 20 43 32 93 99 32 77 84 30 100 51 76 32 54 45 1 12 72 1 87 42 16 17 9 66 20 74 81 28 30 35 63 72 12 7 59 4
100
20 76 82 88 8 52 61 4 62 93 34 34 25 42 4 6 61 44 2 57 55 47 69 17 55 20 70 47 51 100 43 98 41 84 23 88 71 90 19 73 68 80 43 8 48 89 46 28 47 27 58 85 17 79 37 52 20 77 14 97 80 76 97 93 41 63 98 4 27 56 49 17 85 97 43 94 25 38 79 74 81 34 39 44 61 6 92 8 38 72 76 41 91 22 33 66 30 10 68 17
100
68 14 28 40 77 11 33 63 66 72 38 84 3 24 65 40 84 10 25 90 50 9 17 58 8 39 35 63 5 51 32 9 78 35 36 88 5 2 70 13 14 13 2 58 32 45 1 7 47 18 55 63 75 97 67 17 93 17 43 56 56 89 59 86 23 2 48 71 82 42 6 21 99 78 83 97 7 51 30 44 25 14 72 60 84 93 59 3 100 98 20 99 37 28 23 32 23 26 55 3
100
10 95 27 13 45 22 42 88 46 50 33 86 41 21 19 80 12 76 100 65 16 57 22 78 26 61 43 8 21 3 16 68 67 60 81 58 72 46 88 35 14 48 31 89 50 100 77 91 44 17 76 37 79 35 54 97 8 68 54 50 32 23 46 4 70 58 89 20 28 73 62 21 68 1 15 9 64 28 27 6 54 4 56 87 79 33 45 67 84 46 49 99 46 89 54 73 31 2 36 96
100
52 33 85 68 28 2 6 92 41 1 8 10 62 87 77 21 92 75 32 39 67 94 68 91 58 45 98 46 45 87 99 35 85 62 65 32 83 70 87 64 92 72 26 79 50 78 10 35 58 48 36 96 15 9 44 56 42 86 69 10 5 61 8 66 14 36 97 71 11 77 94 2 91 79 21 91 86 69 21 41 2 56 63 30 16 26 45 68 73 87 59 13 67 15 59 33 46 47 3 8
100
80 6 75 89 4 25 51 24 53 58 17 96 76 42 79 95 96 24 8 42 37 71 66 36 31 9 78 27 83 90 73 34 37 44 77 34 14 43 6 77 46 69 37 48 60 76 12 98 17 70 37 70 52 78 5 22 31 44 85 38 94 23 17 99 86 38 76 9 82 72 34 73 63 76 44 63 72 60 51 86 32 86 50 80 29 85 94 17 52 42 28 37 1 65 74 10 90 38 62 32
100
25 48 56 5 89 39 77 92 47 75 58 11 50 37 14 64 33 36 38 70 70 31 76 2 65 66 8 59 11 51 80 43 19 93 31 29 81 96 81 93 52 100 93 97 5 88 97 38 15 49 97 86 65 7 9 68 48 10 39 68 50 21 66 87 8 24 34 31 84 71 22 77 98 66 46 14 72 65 16 76 92 18 81 18 72 97 64 41 46 79 36 74 77 86 35 16 22 89 86 9
100
88 36 62 65 99 69 7 96 55 31 70 97 24 76 84 35 55 46 75 47 90 100 30 82 88 50 30 26 67 94 80 34 8 59 32 55 34 6 96 72 42 34 54 28 94 53 69 29 86 53 99 29 51 47 70 37 56 28 49 14 96 50 64 5 15 42 16 93 1 18 19 68 7 39 73 18 44 29 44 85 68 70 30 87 88 97 15 98 19 14 49 4 25 46 7 2 5 74 9 68
100
26 54 9 79 53 21 98 27 46 47 88 30 51 76 58 70 4 92 69 39 43 72 28 6 89 79 23 99 56 38 52 51 100 84 54 36 34 100 17 40 62 89 96 34 34 85 67 96 5 26 22 41 20 30 50 77 6 95 22 69 55 42 6 78 48 85 65 74 54 11 48 17 39 26 75 59 53 64 80 36 7 97 59 44 18 79 69 13 87 95 75 13 47 41 35 40 2 54 86 83
100
100 91 10 21 56 30 29 78 80 16 36 69 94 69 32 47 52 17 25 6 44 39 25 3 14 57 97 14 28 39 8 90 27 96 88 93 33 52 48 46 18 65 47 76 88 86 38 50 28 15 71 60 82 66 49 35 58 72 81 91 66 15 3 38 15 30 51 62 29 30 72 25 27 31 91 30 65 4 42 36 28 44 31 29 25 9 53 74 30 65 92 71 17 43 55 69 40 78 41 63
100
47 17 53 3 28 80 78 14 89 71 75 2 13 59 90 49 51 24 58 98 16 80 67 29 49 54 99 45 18 61 45 30 76 86 68 27 64 21 28 40 87 66 68 61 22 47 34 94 29 15 62 72 58 93 75 50 37 30 67 74 46 42 30 71 32 39 44 75 73 65 34 42 76 44 52 80 7 52 80 77 69 95 100 37 83 6 41 72 64 30 94 84 13 32 33 61 79 45 24 100
100
2 18 89 67 18 22 74 29 68 23 86 3 87 90 44 12 16 90 83 5 59 77 15 80 76 86 1 46 100 21 31 50 49 50 97 64 4 53 83 87 69 34 31 63 45 24 65 98 36 75 21 56 34 9 26 58 76 29 82 32 34 62 18 74 28 88 29 84 55 74 25 71 65 80 4 6 57 26 75 35 3 11 15 24 9 36 80 14 24 74 78 42 41 5 65 8 57 84 5 26
100
67 25 45 35 60 92 52 56 98 10 29 54 10 48 24 58 67 57 12 48 46 53 65 26 37 13 47 32 5 72 9 61 6 58 70 83 36 23 55 26 39 18 72 40 69 43 35 14 84 14 96 28 17 25 35 94 12 23 86 57 67 3 27 53 68 7 48 37 54 90 94 5 58 68 27 35 90 81 58 68 34 10 41 36 85 89 37 28 64 29 13 23 34 94 13 47 14 86 23 69
100
31 52 87 9 21 68 61 73 95 31 1 44 81 66 38 8 49 42 57 100 13 67 32 3 25 43 2 50 11 14 78 51 33 44 86 98 10 72 71 21 6 31 95 26 60 40 63 53 7 100 22 1 92 56 96 87 88 43 95 59 58 52 17 41 82 74 24 95 21 4 11 87 23 6 96 91 82 73 78 48 72 36 99 12 77 80 38 75 31 1 5 100 76 78 1 32 26 78 47 33
100
24 95 48 85 82 73 73 14 54 100 100 34 74 13 95 61 53 43 12 36 26 91 43 84 26 74 60 22 51 44 34 50 17 93 61 48 75 72 79 70 92 53 72 21 13 27 68 50 48 64 42 8 81 73 81 58 38 67 80 28 24 20 27 25 46 47 47 11 27 76 55 80 44 13 79 98 22 82 63 50 43 54 13 18 68 49 15 61 93 78 50 95 30 3 45 21 66 77 88 39
100
65 17 14 30 89 100 31 82 95 51 77 3 100 62 70 6 21 37 63 2 35 85 95 92 49 90 40 74 90 48 28 6 70 95 64 15 37 39 41 62 80 44 12 14 9 55 33 30 85 26 25 30 78 38 84 88 61 48 82 84 41 61 96 4 100 23 38 15 3 4 33 21 89 64 71 44 16 55 32 2 84 34 12 86 62 40 86 4 51 79 93 99 50 26 94 68 30 93 34 55
100
95 81 19 19 16 18 73 61 96 46 67 79 40 14 34 80 40 83 58 65 81 13 62 75 49 15 8 65 34 83 70 66 61 13 98 20 3 9 33 20 7 75 1 16 83 18 3 46 31 34 65 61 41 2 8 64 38 11 7 43 3 90 78 96 86 60 100 7 29 39 58 69 33 78 51 9 64 12 7 3 44 58 92 97 74 54 68 2 30 32 65 87 44 90 49 79 87 60 88 55
100
91 44 17 27 70 88 56 33 96 66 25 78 35 33 75 59 40 19 24 99 66 80 68 6 36 34 83 69 45 13 12 11 45 96 14 55 76 73 31 78 57 56 55 28 100 47 95 79 100 61 8 52 5 16 94 86 17 23 75 99 33 36 44 47 29 90 96 82 39 38 74 66 29 15 96 27 82 40 88 22 90 91 77 3 83 13 62 94 65 34 72 63 11 70 69 58 27 88 12 48
100
21 94 51 53 46 57 31 50 35 23 3 13 84 72 93 43 65 81 40 43 94 11 28 66 38 74 18 96 65 67 48 25 22 69 40 99 74 18 21 86 57 85 100 14 47 12 31 97 71 47 95 49 82 75 17 75 14 49 93 95 57 25 71 2 96 33 7 32 43 31 6 30 49 75 8 52 46 100 87 56 71 44 46 36 53 20 22 10 97 67 69 42 69 10 62 77 47 31 74 24
100
24 76 99 3 30 71 61 83 95 92 17 59 17 43 99 49 87 80 45 94 52 80 95 54 41 93 6 94 42 7 8 63 56 23 27 38 38 75 81 41 22 71 20 19 75 25 39 43 61 6 54 85 8 9 31 14 65 74 29 43 69 52 86 11 60 32 37 54 82 83 69 82 89 29 22 73 64 61 48 49 19 45 42 16 55 26 96 49 32 17 96 23 73 14 87 92 43 58 25 46
100
3 86 91 29 20 26 8 40 24 73 32 18 81 55 27 8 7 50 38 39 64 69 44 93 11 89 43 77 76 92 92 89 68 11 20 92 56 82 83 27 97 19 25 25 10 12 21 49 61 73 91 41 15 26 86 98 63 49 82 54 1 51 78 41 20 62 100 12 14 14 87 4 42 89 62 68 84 95 80 92 100 32 15 55 38 84 66 50 89 24 92 70 77 5 34 51 40 2 79 63
100
5 28 62 43 40 46 71 13 92 5 26 7 73 90 67 91 65 73 45 81 70 2 77 82 94 73 60 79 70 64 25 5 12 22 14 16 27 69 77 23 12 92 43 41 91 53 38 79 82 63 34 79 42 56 48 40 8 19 40 83 70 65 40 53 76 52 13 43 28 27 11 51 14 54 84 60 10 2 31 10 17 17 39 75 36 84 31 14 88 13 3 49 58 75 40 45 39 54 20 65
100
63 44 49 50 92 1 70 73 45 74 40 23 28 80 75 40 57 56 98 69 63 5 34 79 47 17 80 41 30 90 3 70 65 6 19 63 48 41 81 70 61 7 32 43 52 27 97 2 23 1 74 15 99 14 70 12 58 85 50 39 55 75 86 51 34 85 36 18 3 16 63 63 93 61 50 19 89 58 24 53 99 13 79 15 28 26 29 55 85 37 45 78 73 15 15 82 34 97 22 90
100
85 9 11 84 99 86 96 76 8 86 77 63 36 71 63 39 31 16 6 80 83 79 27 82 81 19 94 54 16 67 55 41 66 84 53 78 25 37 75 85 40 30 46 97 30 39 66 22 23 76 49 100 91 40 99 95 7 71 73 29 72 14 1 6 80 72 49 25 79 65 97 49 22 6 81 75 79 26 1 95 5 60 49 64 40 59 53 5 92 4 74 44 27 68 87 53 43 71 93 82
100
22 64 2 47 10 4 82 62 37 8 76 19 53 22 49 79 19 96 83 35 39 83 4 70 9 20 67 58 71 57 1 43 98 21 5 32 32 70 88 20 25 11 72 31 8 66 36 31 18 30 90 4 89 95 20 91 8 50 42 66 66 19 10 42 59 25 96 69 7 20 42 95 55 54 84 77 69 88 85 48 87 54 14 21 39 33 99 87 41 75 3 39 43 20 70 87 18 50 12 24
100
64 27 48 99 5 36 87 89 15 12 90 41 90 18 22 11 24 46 37 46 57 32 63 11 47 4 96 87 100 25 69 96 62 59 42 50 91 44 18 12 65 64 67 46 27 52 45 70 11 90 22 12 80 97 1 66 26 38 81 28 17 35 83 8 62 5 46 52 48 27 72 35 90 93 38 39 61 35 33 4 1 47 90 55 68 50 16 38 99 32 75 80 81 60 17 2 7 98 37 69
100
46 82 27 78 69 19 89 17 17 9 91 48 45 76 23 86 40 37 85 62 14 96 75 19 43 69 56 53 99 70 46 22 26 59 50 98 57 44 95 80 54 83 27 11 13 54 70 9 1 82 97 74 14 55 58 73 53 99 28 22 31 2 53 5 18 98 83 93 94 35 81 61 38 8 45 82 33 86 52 99 51 45 97 74 52 3 67 92 86 47 85 12 37 67 1 66 23 23 21 65
100
19 15 96 79 45 77 69 69 98 74 16 7 6 81 10 47 28 83 16 70 52 73 58 69 80 58 68 55 77 69 82 25 23 25 90 16 23 99 95 4 4 30 27 41 15 82 99 63 22 90 74 35 11 77 11 8 67 37 61 56 76 10 7 13 76 50 68 4 81 51 90 64 78 76 78 41 2 22 40 45 88 18 8 39 76 4 34 39 88 11 51 6 87 29 72 87 91 35 84 95
100
96 2 24 31 61 20 84 35 44 10 16 33 70 35 65 28 5 100 43 64 96 96 91 78 21 98 58 47 31 88 13 34 8 3 100 61 81 91 20 81 42 45 54 29 31 91 7 21 65 98 15 66 88 79 35 53 76 4 63 57 62 25 61 51 2 30 1 18 100 88 57 30 43 1 4 63 36 1 18 40 45 85 44 48 4 72 18 77 3 7 10 9 92 63 65 37 65 23 26 16
100
40 45 10 21 68 53 87 54 71 42 84 85 68 23 83 100 85 91 36 30 6 6 80 57 50 7 45 81 50 41 24 65 64 85 4 77 92 96 1 63 25 50 89 51 26 91 57 56 99 59 56 96 23 5 14 21 72 30 30 38 76 33 69 89 46 77 74 90 14 98 99 57 34 65 87 67 32 90 45 27 71 85 28 18 82 15 37 88 46 6 59 21 39 34 39 63 43 33 50 57
100
20 53 88 4 58 64 69 9 28 78 46 22 95 6 58 6 69 42 14 18 9 66 13 34 15 98 1 52 56 59 70 59 71 65 37 30 41 71 60 46 56 27 12 26 55 84 17 30 46 11 53 71 79 31 34 19 30 2 51 84 10 98 25 42 2 98 2 91 5 51 65 51 88 60 63 1 91 49 91 67 74 37 4 86 60 29 78 51 97 60 13 73 25 16 12 90 74 86 26 62
100
74 62 32 93 2 4 59 15 1 55 63 20 34 74 27 61 56 56 35 21 98 65 24 70 46 10 66 83 58 47 9 22 85 94 90 74 69 95 67 32 99 59 4 38 63 24 58 59 81 47 11 9 29 44 14 95 93 84 94 32 89 60 30 34 52 43 34 94 43 86 62 38 96 6 65 11 84 71 11 94 39 45 10 19 25 49 87 72 24 84 99 67 94 74 27 30 51 12 33 26
100
27 27 91 15 1 68 33 92 13 63 47 31 63 4 21 48 33 82 8 77 74 83 95 43 97 19 100 33 58 24 100 43 34 40 54 28 1 4 10 6 89 24 14 26 75 35 62 45 37 49 98 79 22 86 94 18 30 66 60 52 67 36 46 58 98 69 33 96 66 82 6 92 98 66 6 30 24 39 73 76 64 59 83 70 3 21 29 63 53 79 92 14 93 11 30 54 48 82 6 69
100
89 58 32 28 51 8 76 5 32 92 4 7 85 2 17 97 33 2 77 60 79 78 28 84 33 90 10 24 92 10 54 98 25 96 80 64 46 65 38 88 16 73 87 54 33 50 69 78 86 88 32 12 85 50 70 72 19 51 38 23 12 63 63 65 14 93 44 96 56 56 30 20 8 96 76 41 68 67 40 72 98 74 82 18 73 63 80 91 20 93 71 8 30 57 78 65 64 79 42 44
100
78 61 77 98 40 65 98 74 8 40 88 68 6 6 29 48 69 99 66 19 89 66 29 88 83 73 42 61 30 26 72 66 77 90 86 1 22 67 71 80 58 70 37 69 13 98 36 25 45 94 24 75 58 84 5 19 81 22 66 75 54 83 10 57 98 62 87 92 30 36 95 82 17 21 99 86 45 68 30 38 86 44 86 67 84 78 91 42 95 15 35 58 49 74 8 81 26 84 40 4
100
47 22 21 26 36 10 31 82 99 16 73 64 57 75 43 81 45 91 72 54 77 74 4 58 20 57 46 34 18 39 38 33 45 91 62 71 45 65 20 66 90 29 85 59 4 6 14 34 16 6 26 47 96 32 79 45 90 88 86 9 89 3 40 64 98 55 11 17 67 96 46 66 98 70 12 64 29 58 38 42 10 26 1 49 56 63 52 49 52 22 87 22 97 70 59 42 62 27 29 91
100
44 81 48 91 84 21 36 78 63 80 92 34 54 72 68 77 24 81 40 49 38 9 83 66 51 81 100 49 3 83 29 87 1 64 36 16 40 74 75 87 36 26 10 43 75 64 63 61 17 44 73 61 68 4 68 25 19 60 16 73 82 28 74 81 10 44 84 58 1 14 22 29 12 19 86 17 59 50 75 98 47 81 72 3 89 44 12 18 78 68 79 78 5 95 58 52 21 59 14 95
100
70 35 6 99 39 87 69 76 59 15 49 12 71 88 26 19 72 45 63 38 11 72 21 61 82 80 56 83 1 36 56 86 48 78 16 11 29 43 91 72 73 13 10 69 81 12 38 4 84 17 30 41 84 10 2 59 53 59 89 91 72 93 86 92 42 82 54 55 48 36 72 4 68 68 9 21 60 15 52 22 85 5 77 1 6 41 97 74 73 85 48 59 49 64 95 37 7 47 71 14
100
14 1 97 8 9 56 85 69 87 80 62 16 48 48 46 28 49 98 46 96 9 27 64 38 83 45 76 23 97 73 11 64 85 7 35 36 79 49 76 48 82 28 66 31 87 80 42 66 74 92 30 38 25 47 78 45 49 48 7 10 31 69 45 22 88 5 68 36 14 31 75 92 80 22 68 14 84 21 60 41 68 59 8 57 96 32 14 92 56 71 14 7 39 75 35 12 91 96 56 16
100
13 16 9 89 66 70 85 88 74 99 21 97 59 99 46 47 53 98 25 74 76 14 8 87 4 15 19 25 25 99 17 48 90 72 88 41 8 58 32 88 38 56 3 9 77 73 13 52 34 99 68 25 67 89 88 59 28 29 38 69 58 70 95 87 87 43 41 21 86 87 24 39 1 21 48 36 81 56 40 30 18 86 40 40 46 8 64 61 36 67 22 33 65 89 53 14 69 40 99 96
100
69 29 25 72 43 28 87 82 81 26 66 51 35 82 15 27 76 4 15 15 23 99 69 21 16 89 97 53 5 43 43 57 43 58 40 41 50 70 27 93 56 73 75 39 23 49 62 68 40 22 75 13 65 18 98 65 10 28 65 46 19 52 4 7 54 96 14 14 44 62 67 65 72 56 40 33 82 55 68 70 90 38 70 13 55 9 4 15 45 86 27 67 42 5 80 19 40 28 77 14
100
76 7 70 61 28 25 25 37 77 53 94 7 9 11 40 78 25 64 87 38 15 57 31 86 99 46 96 77 12 21 96 59 16 45 97 8 75 73 89 10 86 83 79 11 35 61 12 52 48 79 59 62 63 66 78 62 81 18 58 41 14 36 16 87 39 35 17 53 7 96 74 52 87 74 88 84 32 49 24 29 8 28 89 82 53 64 6 50 47 49 13 13 69 83 48 97 76 82 4 69
100
31 36 89 14 3 33 74 46 75 66 71 37 98 57 73 44 28 14 90 50 21 66 69 87 96 65 68 76 62 12 47 43 52 71 24 16 49 57 37 13 79 44 74 93 56 76 72 96 18 27 66 3 25 71 21 1 91 3 46 67 48 2 41 57 65 100 23 86 93 66 69 27 53 41 60 33 30 32 76 29 93 4 11 9 11 31 54 92 50 85 13 21 9 74 70 93 84 1 78 77
100
22 58 53 74 55 24 17 15 20 95 22 4 89 2 80 10 40 19 69 9 62 25 56 55 76 29 55 30 9 21 51 12 67 30 87 80 82 94 83 80 26 68 100 72 97 21 75 71 69 51 69 64 72 47 61 95 29 26 36 68 84 54 76 10 25 76 81 47 24 24 5 11 10 80 51 23 28 46 91 86 48 83 1 23 30 8 21 22 1 73 30 50 54 78 69 50 41 77 82 18
100
63 20 58 82 69 34 92 93 70 8 45 100 86 73 39 40 25 100 40 56 20 98 1 49 42 46 11 42 91 37 68 65 16 24 45 29 20 78 70 93 52 75 65 57 79 55 92 58 57 46 51 59 76 55 78 44 84 88 43 49 88 34 5 98 76 9 57 49 95 97 63 61 65 87 34 36 46 12 13 82 61 32 99 94 86 46 18 43 30 14 53 21 58 98 56 60 21 53 93 99
100
57 47 88 67 21 35 51 58 49 37 78 11 18 87 83 93 67 73 10 42 48 75 2 9 68 47 80 5 97 35 7 40 87 16 97 81 15 84 17 75 6 58 66 61 41 38 44 47 19 39 72 47 8 3 39 54 84 98 84 11 67 30 16 65 49 64 57 31 28 9 36 22 61 61 18 53 15 64 97 69 4 55 67 74 35 2 70 100 39 88 36 63 68 10 38 64 85 2 2 92
100
32 84 10 47 22 6 21 2 69 87 2 25 60 40 19 68 1 13 34 97 73 39 65 67 7 15 23 66 82 20 2 87 24 68 42 90 73 60 9 60 91 66 36 94 55 79 39 77 4 20 30 44 32 92 60 28 1 73 27 82 29 44 79 13 59 35 51 57 45 40 86 80 65 71 80 100 82 22 14 65 92 36 68 41 86 60 71 53 11 43 40 84 39 89 5 55 39 77 34 73
100
60 9 42 49 93 96 66 1 81 78 37 2 69 85 62 100 26 43 11 56 43 24 17 42 50 41 11 36 89 92 74 81 31 81 89 97 97 49 18 35 16 80 74 42 76 37 20 41 77 54 97 19 50 44 49 42 68 8 67 76 49 37 97 90 42 48 1 80 56 35 63 80 35 18 7 45 81 30 79 92 51 42 93 75 64 7 36 31 5 92 58 4 53 30 86 70 20 65 36 84
100
95 96 41 43 78 10 24 3 27 28 30 26 42 82 69 79 74 75 10 46 30 61 86 40 41 38 7 91 75 16 74 64 19 49 65 74 58 55 82 3 53 41 62 39 26 4 100 18 15 93 90 1 40 46 20 33 34 98 73 62 30 58 96 41 39 73 31 57 34 65 83 51 26 71 60 87 38 46 57 11 10 30 64 80 46 60 61 8 64 97 98 94 11 83 80 30 65 78 23 36
100
77 41 35 53 96 99 28 74 86 85 34 92 68 63 89 29 93 95 80 71 80 42 16 5 54 20 81 33 26 56 17 98 66 74 37 51 43 36 40 55 67 68 36 43 76 18 32 87 4 7 95 93 57 11 50 29 31 43 17 88 26 13 33 69 100 2 92 97 83 27 46 73 40 87 30 56 66 96 62 85 6 89 63 89 18 49 33 83 59 56 58 90 76 91 6 100 36 27 97 74
100
17 68 22 53 41 17 93 8 76 30 58 33 13 91 35 48 76 67 53 75 29 21 52 44 86 98 21 87 37 4 42 50 13 57 19 9 82 13 53 45 93 91 20 75 36 24 55 14 85 46 2 35 51 32 75 74 50 51 58 85 84 76 69 89 26 100 96 78 75 19 73 93 65 4 50 6 80 4 48 73 34 75 31 81 33 69 98 11 66 34 26 76 52 59 75 36 4 31 96 70
100
46 91 60 89 95 68 21 47 68 19 46 62 18 61 7 34 74 74 35 66 18 64 48 43 29 68 40 89 54 12 13 98 7 5 86 72 35 75 7 2 87 27 14 85 52 94 27 55 63 53 27 64 14 68 61 23 30 17 74 45 90 3 6 58 5 72 70 54 19 68 77 82 47 35 28 27 3 17 42 74 8 93 29 25 17 24 34 46 7 61 74 95 47 38 73 44 13 51 31 83
100
90 76 7 49 43 91 7 57 38 63 95 6 19 50 20 82 45 6 88 11 87 59 9 33 79 46 62 60 63 79 60 55 13 56 51 30 7 48 62 50 94 75 24 81 9 20 13 60 65 79 95 55 84 77 77 53 98 43 86 8 90 66 97 47 63 23 43 58 14 92 52 58 58 66 7 42 55 65 15 70 19 60 57 23 14 93 87 17 20 23 69 19 85 92 97 64 70 41 20 17
100
43 96 96 15 8 94 19 50 47 11 54 13 44 66 40 55 67 34 68 34 61 90 3 47 75 2 24 7 64 69 93 21 82 58 23 43 90 45 88 75 45 98 57 25 87 63 21 44 41 90 77 40 77 11 80 69 77 54 41 25 54 38 94 17 87 48 100 24 17 74 42 21 19 3 92 50 3 11 1 84 47 33 82 64 9 12 23 26 73 96 39 55 3 36 80 64 95 1 83 48
100
40 42 23 32 74 27 22 82 76 86 81 36 8 55 51 21 14 78 4 62 50 82 63 83 22 47 21 97 88 55 76 70 30 55 100 17 44 64 67 35 95 88 13 49 67 96 87 64 58 98 49 2 31 27 50 93 24 50 49 7 57 8 20 70 28 45 11 46 58 1 100 42 95 75 63 39 1 35 71 9 46 6 98 23 8 4 21 43 52 14 70 52 26 35 53 6 69 60 1 90
100
76 20 99 29 14 2 86 23 39 43 70 30 28 30 2 56 79 74 3 38 40 44 29 84 46 12 18 100 33 19 45 16 3 59 66 16 52 53 51 15 71 37 80 66 61 23 63 66 70 15 21 71 98 21 17 81 30 26 18 67 95 40 17 24 80 65 46 8 60 3 82 76 22 70 46 61 94 11 78 35 75 50 4 97 56 36 73 89 51 66 78 76 5 86 56 94 78 18 48 8
100
12 41 46 35 48 11 74 73 80 53 75 69 93 45 81 64 48 74 45 17 89 11 85 63 43 54 86 12 25 57 43 9 63 62 54 42 60 28 12 92 8 27 59 64 30 67 54 70 20 99 87 68 67 61 69 71 6 53 95 63 62 46 73 96 43 88 66 51 80 14 60 45 61 89 1 96 9 66 72 93 33 48 58 69 51 81 78 78 44 82 81 5 9 78 99 6 78 83 10 78
100
59 70 19 44 31 21 70 13 57 24 76 2 33 17 11 76 33 71 50 83 4 6 12 100 32 81 78 73 53 74 46 29 50 32 41 63 88 65 4 95 29 45 79 71 88 80 32 84 93 2 4 98 53 27 71 24 80 46 8 43 51 65 25 42 65 74 6 23 35 21 64 90 45 87 87 14 61 58 37 68 84 84 69 44 57 13 18 55 50 6 44 36 21 98 94 30 82 79 74 81
100
52 22 52 91 11 34 78 93 100 91 1 30 70 51 13 80 76 66 77 29 15 49 53 87 15 10 59 23 40 98 97 38 47 38 2 73 68 56 52 96 34 44 61 80 56 4 65 30 67 82 67 17 89 18 37 70 68 77 7 10 80 16 3 8 38 24 67 92 50 44 32 33 57 8 14 85 71 69 100 58 57 55 10 25 5 43 100 29 57 79 36 30 71 66 52 45 51 54 100 41
100
40 86 90 78 17 73 58 31 97 26 42 53 53 54 4 55 55 32 5 98 24 7 60 66 79 3 28 78 19 61 13 34 71 31 12 7 97 51 4 21 46 54 4 54 38 72 13 19 53 8 6 58 65 60 42 62 49 5 4 73 63 85 85 82 81 24 16 73 59 57 84 21 50 34 29 33 82 66 13 71 37 89 4 88 57 58 1 8 100 89 30 73 85 54 28 34 48 2 15 77
100
53 87 5 83 29 42 77 88 45 17 59 9 45 20 6 12 82 35 40 94 9 51 53 96 30 40 24 51 15 36 53 55 48 56 46 38 72 70 96 29 66 13 25 88 75 70 61 95 37 17 68 93 84 84 29 30 10 24 9 24 99 31 21 88 1 4 77 7 69 50 48 90 58 67 72 13 13 51 33 71 21 83 20 14 89 60 83 14 72 64 73 30 17 67 30 35 63 17 96 53
