100
0
1
2
11
1692
391172
999994
48291
5
986286
166
801907
314982
580343
492428
12500
999992
9
548722
999993
583350
20
922326
295376
125000
40
187441
899712
1000000
221681
128329
6
495714
651646
940707
870567
925919
649327
8
379685
999995
7
792500
272622
104589
414017
178105
823551
651595
999991
748232
503542
232763
125
502100
200
445571
999998
451231
564477
468006
622056
920049
505707
349940
25
999997
999999
430354
511308
435738
999996
11604
494746
34
303477
396775
156063
179670
10
151945
273335
1250
890781
908094
113535
916301
509777
547638
3
124
873244
600963
132003
661122
514672
20462
4
327023
38276
