100
1 2
10
11
8 8
00000111 11100010 01001001 11111110 00011110 00110010 11000101 10010011
10100010 10011010 11100001 10011011 01100111 01100001 00100101 01111110
10 10
0000000010 0110101011 0100111000 1011100101 1011001110 1101011010 0111100101 1000110111 0110010000 1001011101
0001111111 0011000111 0010101101 1010011000 1110100010 0001010100 1100110001 1100001010 0111000000 1101111111
2 10
0010001001 1100001100
1100000110 0010000011
10 10
0111101100 1010011001 0101011000 0010000111 1000100101 1000111110 0001110001 0111011110 1100000010 1111100011
0111110001 0101010110 0000101100 1000100011 1110111110 1010010111 1000010001 0011001101 0111101010 1101001000
10 10
1010110010 1000010101 0000100111 1111010100 1110000001 0101011111 0001001000 1110111111 0101101010 0011101000
1011010011 0110000100 0100100100 1010111000 0000110011 0000000110 1101111001 0101001011 1111011110 1011101101
10 10
0000010001 0101001100 0011011010 1100101101 1011101001 1011011111 0110100010 0011010000 1100110110 1100100111
0100010001 1110011110 0111111111 0001101001 0001100011 1001101100 1110000101 1110010100 1001011010 0010100010
9 8
10010000 10100000 10001101 10100001 00101101 11110010 10101001 00101110 01011010
00001001 00100100 01011101 10100000 10011010 11001100 10010100 01101000 10010001
8 8
00111100 11110100 11000001 00111001 00101000 00001001 11110001 11100000
00011011 00011110 11100110 11010110 00001111 11000111 11010011 00101110
4 4
0110 0101 1010 1001
1000 0100 0111 1011
4 6
001101 001011 110101 011110
110100 001101 101010 100101
8 10
1101111001 0100001100 1000000011 1001010100 1110111110 0110100011 0111101100 1101001101
0101111001 0111010110 1110100011 1101100100 0100110110 1110010111 1010001110 1011011001
10 10
0111011110 1000111001 1110100000 1101101100 0011101011 0000010110 1001010011 0110001001 0010100110 1101010101
0110101100 1010101010 0001011111 1111010010 0000110101 0101100000 0101011001 1110000101 1011100111 1000011010
10 10
1010000000 0100010011 1001011101 0001110011 0100100000 1010011000 0011100111 0101101110 1111011110 1110101101
1100011100 1000110001 1011101100 0110100010 1101101111 0001010110 1000101001 0110010001 0011000010 0111011111
10 10
0110110101 0010000111 0101010110 0111001010 1011001111 1101100000 1001111110 0100100001 1000011000 1010111001
1000101100 1001010011 0100100000 0101010110 0110000001 1010111000 0011111001 1011001111 1100011110 0111100111
2 9
110011011 010111100
001110100 101010011
8 10
0101001001 1010010001 1011100100 1001101001 1001111000 1111000110 0111000000 0100010111
1110101001 0011011010 1000110100 0000010000 0110110111 1010001111 1000100101 1111010101
10 6
100110 000010 100010 010111 010001 011111 101010 001010 011001 101110
000100 110011 110101 100000 001000 001100 000000 111101 101000 111011
10 10
0110110101 1001000010 0100000001 1110100111 1100111110 0011101101 1011001100 0011011010 1000111011 0101010000
1110010000 0001100111 0100111111 1001110101 1111101001 1011101100 1100011110 0100001000 0011010011 0010000010
1 10
1100100100
0101011000
10 10
1000100100 0110001000 0000110001 0110000101 0011001011 1011011110 1101011000 1111110011 0001110111 1100101110
1110001100 0100101010 1010000110 1111111010 0010010011 1101010001 1001111100 0011010101 0001101001 0100100111
10 10
1111011110 0011101110 0111011000 0011000001 0000100001 1110000001 1100111011 1000010100 0101111111 1000100110
1010110010 0001001000 1100100111 0101111110 1010000000 0010000111 0111011001 1110011101 1101111000 0001100111
1 7
1111001
0111000
10 9
000011000 100101111 011101001 011101011 010000110 000011010 111001110 111001100 100101101 010000100
110100011 011101001 001110101 010000100 011101011 001110111 101000000 110100001 101000010 010000110
10 10
1111001000 1110110110 0100111001 1011111001 0101001011 1111101100 0000100100 0010010110 1001000011 0000010111
1101100010 1000001101 0010101010 1101010001 1001111111 0011110000 1111010000 0010001110 0100000101 0110111111
10 10
1110110101 1001001010 0110010011 0000000000 1111110111 0000101101 0001111000 1011000100 0110011011 1101101110
0001000111 0000010010 1000100000 1111011111 0111110001 1010101110 1110011101 1100000100 0111111001 0001101010
6 10
1001110110 1001111000 0100010111 0100011001 1011100010 0110000011
0100001011 0100000101 1001101010 1001100100 0110010001 1011110000
1 9
011100111
010011000
4 7
0101000 1000001 1101100 0011011
0000100 0011010 1100010 1111010
10 10
0110101010 0001111100 0111011111 1101010110 1010101001 1011000011 1100010001 0010101100 1000010001 0101100110
0001001011 1001111011 0000001100 1110110001 1101100001 0111011110 1011000010 0110110100 0100001100 1010110111
5 8
10111111 01111101 11011110 00000111 10011000
00101101 11001000 00001010 10110010 01101011
10 10
0100101000 0101010110 1000101110 1010010001 0110101011 1101010010 1011000111 0001001101 0011110001 1110111100
0001110001 1011111011 0110010111 1101101110 0101101010 0100010100 0011001101 1000010010 1110000000 1010101101
10 10
0101110001 0100001000 0100100110 0000011011 1111110010 1010011111 1101010101 1010101110 0011101000 1011000101
1110101100 1110000010 0101111000 1010010001 1111111011 0001001111 0000010101 0111011111 1001100010 0000100100
2 7
1111101 0110011
0111000 1110110
10 10
0010111010 1100000011 1101111011 0000110100 1110000101 1000101000 0111000001 0011000111 1111011110 0001111100
0110100010 0010100100 0001010111 1001001011 1100011000 1110111101 0011011001 1101100000 0000011111 1111100110
9 10
1001111101 0001110100 1100011001 1111000100 1100010111 1010010111 0010010101 0111101100 0101111010
0100001111 0111011100 0010001111 1001101100 1101100010 0001100101 1111110100 1010001101 0100000001
8 8
00111100 01110010 00010100 00101101 11010010 00010000 00100111 00000001
00101111 00111110 00100101 00010010 01110000 00010110 11010000 00000011
6 6
100011 100110 011011 000011 101001 011101
010110 101100 001001 111111 011111 000001
9 6
000010 110010 000100 011001 001111 001100 110011 011010 110000
100101 010011 010101 011011 100111 011000 001101 001110 100100
10 7
1101000 0111100 0010110 0010111 1001001 0011101 1101010 0111110 1000010 1000011
1000000 0110111 0010100 1001010 0011110 0011111 0110101 1100001 1100011 1001011
6 10
0001101110 1110111001 0101010100 0101111100 1010101011 1110010001
0101011100 1110011001 1010100011 1010001011 0001001110 0001100110
5 4
0010 0001 0011 1001 0101
1011 1111 1000 1001 0011
4 10
0000010010 1101100000 0101100000 1000010010
1001100111 1100010101 0001100111 0100010101
10 8
10011111 00101011 00011111 11000100 11010111 01011010 01101100 00000010 11010100 10101011
00100100 10001100 00110111 11100010 11111111 01111111 01001011 10111010 11001011 00110100
10 10
0111101110 1110100000 1101100010 0111111101 0001111000 0000000110 1001011011 0010011101 1000000101 1110010011
1101000110 0111001010 0010101101 0100001000 1000110101 1010101110 0100111011 1101010101 0011110011 1011010000
4 6
000011 111100 011011 100100
101100 010011 001011 110100
5 10
1010001110 1111101101 0000110010 0000101110 1101010011
1010001011 1111010010 1001101101 1000110111 0001011110
1 4
0010
0000
7 6
100111 000010 010000 101101 010111 101000 111001
110000 100010 010101 011010 100101 011111 001011
10 10
1110100100 0100010001 1101111110 1100001011 1011110010 0001101010 0010001011 1011010100 0001000101 0110111101
1011101111 1101100011 0001011000 0001110111 1110111001 1011001001 0110100000 0100001100 0010010110 1100010110
4 6
010111 000000 011111 100101
010000 101001 010010 001100
5 6
111110 000001 111101 111000 001101
000101 110010 111110 101110 001111
10 10
0111111001 0101011101 0011010111 1000100111 0001001100 1101110000 1100000111 1010100010 0110111000 1010001010
0100101000 0000000110 0110110011 1101011101 1111011000 0010100010 1101110101 1010001111 0001000111 1011111000
10 10
0110011111 0000011100 0010110100 1111001001 1001110100 1101111010 1101100001 0000100011 0111001111 1010000010
0011000000 0111010101 1101111011 0111001110 0101111101 1100101011 1010101000 1000000000 0000110110 1010010111
10 10
0110000010 1101101101 1100000011 1110110101 1001111000 0011110110 0001011000 1000001001 0010010111 0111101110
1111011101 0000101000 0010000110 1010100110 0001001001 1101101011 0100110000 1110110011 1011010111 0101011100
1 3
011
000
10 10
1111111011 1011111010 0110010101 1001001100 0000000011 1100001101 0101110100 1101110100 0010000011 0010101010
1011111110 0101110000 1111101000 1100001001 0000110001 0110000110 0010000111 1001111110 1011010111 0100001001
1 5
11011
10000
6 5
11011 11111 00000 11010 00101 00001
11110 11111 00101 00100 11011 00001
2 7
0001111 0101100
0110000 0010011
10 10
1011000110 1101011101 0010111011 1000101011 0100100100 0111111010 0110010101 1000000010 1111100101 0001011000
0101010010 1010110100 0001111100 0011001101 1100101111 1111000010 0000010011 1000001100 0110110001 1111101011
7 10
1101100001 0010001100 1100001010 1110100101 0011010010 1110010100 0100111100
1101101100 1101011100 1110100100 0100000000 0001111110 1100101101 0111011011
8 10
0101010000 0010101010 1110001111 0000100111 0110011100 1100010001 1101110111 1100001011
0000000001 1001101100 1000110000 0100110100 0000110010 1011101011 1101010000 0101111011
10 10
1101101001 1001010111 1110010100 1001001100 0110101110 1111010100 0101100011 0000111011 0010000010 0010111001
1100011001 0011001001 0011110010 1000100111 1000111100 0111011110 0001001011 1110100100 1111100100 0100010011
3 3
101 111 001
110 100 111
10 10
1000001010 0010101101 0110010011 1111100100 0101001001 1001101000 0010010111 1110011100 1001110110 0101110011
0111000100 1100100101 1010110111 0111111110 1011001111 1100111011 0000011010 1101011001 0000100000 0011000000
5 4
1010 0101 1011 1100 0001
1001 0010 1011 1111 1010
6 5
11110 10111 11000 01111 10001 01001
11111 10000 01110 10110 01000 11001
10 10
1000100111 1010011101 0100111100 0001011011 0011001011 0110111000 1101000010 1110110110 0101100101 1011000000
0001101110 0100001001 1000010000 1101110101 1110010010 1011100100 0110011001 0000110111 0011101010 1111001111
2 8
01100010 11110000
10100000 00110010
2 7
1111001 0010011
0000110 1101100
2 10
0100011111 1010101001
0101011111 1011101001
10 10
1011100101 0101110010 1010101101 1010011110 0101000001 0101100011 0100111111 1110011010 0001001000 1010010100
1111111001 0101011100 0000100011 0001101011 1010001110 1110100101 1110110100 0001010010 1110000111 0001011000
7 8
01110001 11101001 00011111 01111010 00001001 11000111 00111101
11000100 01101111 11101001 10110001 11001001 11001110 01110100
3 7
1001010 1001001 0011000
1111100 1000010 0100111
10 10
1011000100 0100010101 1110110011 0011001111 0101101101 0101111010 1010010010 1010101000 0000011101 1101100010
1011000000 0100010001 1110110111 0101111110 0101101001 0000011001 1010101100 1101100110 0011001011 1010010110
3 9
011101111 110111001 000001010
100001111 001011001 010111100
10 10
0011110010 1011010101 0111101101 0101010101 1100101100 0001000011 0100001001 1110101110 1010011010 1000110010
0010110011 0110100101 1111011100 0000000010 1001101010 1000100101 1101011110 0111111001 1011000010 0100011101
4 5
11000 10010 11011 00000
00101 01111 01100 10111
10 10
0110001111 1010011011 0011101111 1001111000 1101110101 0110010100 0000000011 1001110010 1110001000 0101100100
1110011000 1000010011 0011111111 1101110100 0000000010 1011100011 0100001111 0100000101 0111101100 1011111000
10 10
1100110110 0010101101 0101111001 0011111010 1111001001 1100001010 1010000110 0011010101 1001010101 0100100010
0011101111 0101011111 0110001100 1010100000 0011010011 1100100011 1101110100 0000010000 1011111011 1100001100
10 10
1100001110 1000100011 0111111001 0101001101 0111010110 1000101010 0011111001 1100000100 1011110111 0010010000
1111101000 1100111100 1000010001 0011001001 0110001111 1100110101 1000011011 0001010010 0011100110 0111100110
10 8
00110100 11001100 01000100 11110110 10011011 00100101 11011111 11100100 00010010 11011101
11010110 10110001 11101010 11101011 10000111 11111100 11110000 00110111 11110111 00000100
10 10
1110110011 0111100100 1000001011 0101110101 0001100000 1100011111 1011001100 0000111010 1110000111 0011011000
1010010110 0011111101 1110000010 0001000101 0010100111 0101111001 1100101110 1001010001 0111101000 1100011010
4 3
010 001 110 011
011 000 111 010
10 10
1101000011 0011110000 1000100111 1101100000 0100010000 1010011111 0110001111 0101111110 1010111101 0011001000
0001101100 1001010001 1110001101 0000000010 0111011010 0010011101 0111100010 1110101111 1001110010 1100110101
7 8
11110111 10000001 10101101 10010110 01011111 00010100 11111101
11011010 01001011 00111101 01010001 10101000 00010010 11000010
3 9
001100011 000000110 101001001
101110101 110000011 001101010
8 9
010111000 011001100 011101110 111111101 010010111 011111000 110011111 011010010
001100110 011110010 100110001 011111011 110000100 111010101 110011111 100000110
4 7
0010101 0000001 0101011 0111110
0100011 0110110 0001001 0011101
4 5
00001 11000 01001 10000
00011 01011 10010 11010
10 10
0100100100 1000011110 1001011011 0011110001 1101000000 1110110001 1011000101 0010111110 0101101110 0110001011
0001000011 1101110110 0010100110 1001101101 1010011100 0111011100 1100110011 1111101000 0110010011 0000001001
10 10
1010011111 0100110001 0011101011 0110011100 1101000010 1001010101 0101000110 1010100000 1010101110 0101111001
1000010001 0111110111 1000101110 1011001011 0111111001 1001100110 0111001000 0100000010 0000010101 1110111100
10 10
1100110010 0001100000 1001100000 0111111111 1110001101 0000001000 0111010101 0010010011 1001101110 1110011111
0111011100 1010001110 1111011100 1000110001 0110110100 1000100011 0001000011 0001101001 1111010010 0100101111
7 8
01101110 11111100 11110110 00001010 00110100 01110111 11101111
10011000 11100101 00000000 10000001 00010011 11011011 00011001
10 10
1001011001 1010000101 0111111001 0111001100 0000000101 0100110110 1100100010 1011011111 0110111010 1001100010
0110111110 0101110001 1011101010 0010001101 1011010001 0101000100 1110101010 0100110010 1001010111 1000001101
4 6
100011 110111 010000 000001
100011 010101 111101 010011
7 6
010101 101111 100110 011011 111000 011010 111011
010001 000110 011000 000101 100100 101011 100101
6 7
0001101 0110011 1100110 1111110 1011011 0111101
0100010 1001010 1110100 0011111 1000100 0000111
2 6
001101 000111
110011 111001
