100
85.72584 3.89355 583.38959
373.8 2.761 144.588
128.16327 2.32625 1530.61637
72.0 2.0 1165.0
110.84542 3.63212 1612.04316
495.39381 1.03342 1959.94313
20.00000 2.00000 40.00000
34.28713 2.85160 1127.36524
40.36215 2.55260 242.81101
87.72702 3.51099 1497.11280
491.05166 1.18159 1995.94086
500.0000 2.794 1918.543
495.11494 1.14578 1947.09002
62.827 2.9 1725.635
491.72894 1.18190 1968.76087
99.5 2.3434 1409.896
494.35868 1.15491 1913.02473
1.01468 3.31491 1999.37182
25.4 3.6597 649.95
282.00000 3.00000 294.00000
197.00000 2.00000 394.00000
260.96 4.00 1219.01321
441.0 4.0 21.0
1.04796 3.29686 1999.24671
312.06247 1.08512 663.91097
498.45930 1.04879 1989.46236
385.00000 2.00000 770.00000
83.99497 2.887 1.00
251.0 2.0 1530.0
318.90803 1.16089 1762.78180
329.53803 2.57335 1263.71491
491.03156 1.34722 1993.76596
1.33684 2.96977 2.33865
496.58270 1.45601 1186.31296
323.00000 2.00000 330.00000
494.98410 1.09911 1971.92615
495.47441 1.22904 1995.91399
493.97052 1.12033 1924.35499
492.31144 1.01911 1957.67075
498.83909 1.45912 1919.84740
380.883 1.3372 230.65
115.68058 1.18194 1173.34810
30.4891 2.6400 59.81
490.29895 1.42689 1978.80104
1.01430 3.49993 1999.74730
79.747 1.6732 97.72
34.00000 2.00000 68.00000
494.97825 1.11531 1980.07004
65.0 4.0 1617.0
493.20682 1.23833 1966.36237
273.0 1.0 1861.0
228.0 3.418 367.0526
1.00000 3.0 1706.0
301.29 3.0999 2000.0
1.06976 3.38879 1999.11199
146.90514 3.51481 115.03213
495.85658 1.15902 1931.96498
497.81964 1.10811 1968.66596
368.0 2.0 386.0
492.33837 1.49163 1903.79697
398.43783 3.55977 1383.66584
451.72944 2.87121 1737.62679
498.34596 1.37369 1915.91562
348.740 1.31164 700.382
492.78189 1.17528 1914.11128
7.0 4.0 1580.0
343.12034 2.20980 1002.13369
493.81324 1.44726 1980.26347
229.0 4.0 1181.0
155.0 4.0 172.0
115.83 1.63907 850.5873
146.4 2.36 854.97
491.45196 1.45477 1939.23378
229.71270 3.34500 1924.67460
280.07783 3.45834 933.57544
494.70543 1.08141 1945.37651
495.77113 1.23714 1957.57673
497.72967 1.08096 1951.47755
494.35175 1.44798 1938.32800
49.0 4.0 1852.0
464.00000 3.00000 469.00000
90.0 3.30 996.3965
36.0 1.0 942.4273
292.26745 1.39182 960.16980
490.63116 1.11317 1919.73687
498.39825 1.42586 1962.45376
280.0 2.0 1760.0
498.68462 1.48417 1932.48286
122.0 4.0 1226.0
433.0 1.0 1958.0
169.0 1.0 1340.009
491.88878 1.30338 1978.31716
494.52207 1.11126 1953.51215
492.35759 1.38567 1992.97894
278.00000 1.00000 285.00000
494.43775 1.40802 1967.81344
160.78059 2.27685 1299.31626
497.75160 1.24159 1941.03977
493.44900 3.21015 1795.92488
498.39222 1.22205 1991.38890