100
9991.58989 1.23748 99985.40872
6202.00000 53.00000 6575.00000
9995.72236 1.48570 99995.06855
384.70453 87.0 623.4167
5435.00000 2.00000 10870.00000
9994.66097 1.36322 99910.41380
9992.87439 1.19793 99989.35358
10000.000 50.4 541.2713
9997.28665 1.02368 99994.92980
9991.22931 1.14029 99982.40879
9994.14665 1.41216 99974.81343
581.55625 5.46907 722.34687
75.40238 62.55727 751.74237
1055.95892 85.89523 436.15097
1.09019 99.71340 99999.66521
4004.0 23.0 77416.0
9998.38568 1.15953 99981.08907
9995.13152 1.40406 99943.78136
711.91417 28.74441 1118.03312
638.4 27.758 420.68150
9993.55872 1.05722 99965.70916
365.73663 33.75133 202.54883
9993.40192 1.15227 99977.42598
86.4712 40.8669 706.9
626.24036 77.86099 132.30383
9990.38838 1.03472 99926.19798
358.61 24.37 653.0
9993.81183 1.11006 99976.71160
1037.0 94.0 32842.0
277.7 94.0 100000.000
626.17 17.0 116.62677
8203.00000 2.00000 16406.00000
849.66075 43.0 628.3631
9990.47514 1.38800 99951.94133
9992.59195 1.22067 99973.97593
9994.83386 1.31952 99939.69461
9996.37561 1.16618 99951.62022
513.56869 44.98184 851.16825
8196.0 1.0 79494.0
9993.09959 1.27389 99964.14542
7527.0 12.0 20287.0
1326.55036 46.84449 574.15272
811.9071 34.4 577.690
9992.19726 1.28605 99994.94973
596.01145 89.42 112.99110
286.00000 2.00000 572.00000
9996.55427 1.27022 99999.09609
389.73474 86.94411 536.45849
744.752 97.2064 258.6
996.63894 43.05516 328.67948
62.78637 88.41592 536.60566
3649.00000 2.00000 7298.00000
873.96984 55.96195 143.26401
9996.37654 1.21928 99922.10871
1083.58128 5.31814 110.55280
934.02649 64.48247 175.96425
38.05715 92.11726 878.31918
440.44 65.0 544.516
9994.66637 1.48175 99923.37245
9993.46708 1.30066 99939.42231
1170.0 64.0 34975.0
9994.61312 1.08979 99956.67957
9990.07635 1.24382 99972.68573
5803.0 52.0 80487.0
1294.96587 97.14045 449.23056
360.8287 11.0477 408.47345
9992.27923 1.25294 99901.74408
1675.0 23.0 47291.0
4390.0 99.0 49287.0
9998.43463 1.39228 99926.38361
282.11229 85.07442 952.72448
238.30596 68.0 904.8
1.09708 99.40397 99999.47265
1131.6 100.0000 549.803
1.07510 99.83306 99999.06227
7388.0 91.0 16205.0
1.01026 99.24348 99999.96471
20.29955 34.75447 23.05014
9993.78934 1.00661 99973.99486
7410.00000 8.00000 7803.00000
7041.0 53.0 47290.0
283.74672 87.42745 401.34588
9697.00000 45.00000 9844.00000
6008.0 46.0 33984.0
9996.28603 1.06911 99909.46178
283.17343 57.00244 288.49294
632.4 10.24 723.9
9993.77942 1.27301 99904.19430
650.97316 9.30182 650.12780
257.84 36.35151 437.45
9996.46198 1.35312 99993.64385
614.680 75.67314 130.0
9994.91122 1.10674 99909.65358
4135.0 13.0 42651.0
9993.73455 1.49047 99953.40007
8969.00000 26.00000 9352.00000
9994.50918 1.22269 99960.56734
9994.69718 1.16260 99919.72481
225.0 89.63 87.308
6471.0 50.0 21787.0